"filename", "language", "Python", "pip requirements", "JSON", "Markdown", "XML", "PostCSS", "SCSS", "comment", "blank", "total"
"h:\SoftDev\xFRA\xFRA\README.md", "Markdown", 0, 0, 0, 24, 0, 0, 0, 0, 0, 24
"h:\SoftDev\xFRA\xFRA\README_en.md", "Markdown", 0, 0, 0, 23, 0, 0, 0, 0, 0, 23
"h:\SoftDev\xFRA\xFRA\basic_custom_widget\QDragGroupBox.py", "Python", 29, 0, 0, 0, 0, 0, 0, 207, 3, 239
"h:\SoftDev\xFRA\xFRA\basic_custom_widget\QEngLineEdit.py", "Python", 84, 0, 0, 0, 0, 0, 0, 17, 19, 120
"h:\SoftDev\xFRA\xFRA\basic_custom_widget\QIconButtonWidget.py", "Python", 55, 0, 0, 0, 0, 0, 0, 28, 12, 95
"h:\SoftDev\xFRA\xFRA\basic_custom_widget\QLabelComboBox.py", "Python", 43, 0, 0, 0, 0, 0, 0, 11, 21, 75
"h:\SoftDev\xFRA\xFRA\basic_custom_widget\QSwitchButton.py", "Python", 82, 0, 0, 0, 0, 0, 0, 10, 23, 115
"h:\SoftDev\xFRA\xFRA\basic_custom_widget\__init__.py", "Python", 0, 0, 0, 0, 0, 0, 0, 0, 1, 1
"h:\SoftDev\xFRA\xFRA\brief_function_test\xConv_plus_waveWidget.py", "Python", 34, 0, 0, 0, 0, 0, 0, 4, 7, 45
"h:\SoftDev\xFRA\xFRA\control_widget.py", "Python", 157, 0, 0, 0, 0, 0, 0, 12, 37, 206
"h:\SoftDev\xFRA\xFRA\custom_plot_widget\__init__.py", "Python", 0, 0, 0, 0, 0, 0, 0, 0, 1, 1
"h:\SoftDev\xFRA\xFRA\custom_plot_widget\kimi_widget.py", "Python", 261, 0, 0, 0, 0, 0, 0, 105, 82, 448
"h:\SoftDev\xFRA\xFRA\custom_plot_widget\s21_widget.py", "Python", 98, 0, 0, 0, 0, 0, 0, 24, 24, 146
"h:\SoftDev\xFRA\xFRA\custom_plot_widget\smith_widget.py", "Python", 127, 0, 0, 0, 0, 0, 0, 34, 19, 180
"h:\SoftDev\xFRA\xFRA\custom_plot_widget\template.py", "Python", 69, 0, 0, 0, 0, 0, 0, 44, 13, 126
"h:\SoftDev\xFRA\xFRA\custom_plot_widget\test.py", "Python", 14, 0, 0, 0, 0, 0, 0, 1, 4, 19
"h:\SoftDev\xFRA\xFRA\custom_plot_widget\waveWidget.py", "Python", 165, 0, 0, 0, 0, 0, 0, 35, 34, 234
"h:\SoftDev\xFRA\xFRA\custom_ribbon_bar.py", "Python", 92, 0, 0, 0, 0, 0, 0, 6, 21, 119
"h:\SoftDev\xFRA\xFRA\eliminated_widget\trace_config.py", "Python", 279, 0, 0, 0, 0, 0, 0, 52, 44, 375
"h:\SoftDev\xFRA\xFRA\icon\bootstrap\0-circle-fill.svg", "XML", 0, 0, 0, 0, 4, 0, 0, 0, 0, 4
"h:\SoftDev\xFRA\xFRA\icon\bootstrap\0-circle.svg", "XML", 0, 0, 0, 0, 4, 0, 0, 0, 0, 4
"h:\SoftDev\xFRA\xFRA\icon\bootstrap\0-square-fill.svg", "XML", 0, 0, 0, 0, 4, 0, 0, 0, 0, 4
"h:\SoftDev\xFRA\xFRA\icon\bootstrap\0-square.svg", "XML", 0, 0, 0, 0, 4, 0, 0, 0, 0, 4
"h:\SoftDev\xFRA\xFRA\icon\bootstrap\1-circle-fill.svg", "XML", 0, 0, 0, 0, 3, 0, 0, 0, 0, 3
"h:\SoftDev\xFRA\xFRA\icon\bootstrap\1-circle.svg", "XML", 0, 0, 0, 0, 3, 0, 0, 0, 0, 3
"h:\SoftDev\xFRA\xFRA\icon\bootstrap\1-square-fill.svg", "XML", 0, 0, 0, 0, 3, 0, 0, 0, 0, 3
"h:\SoftDev\xFRA\xFRA\icon\bootstrap\1-square.svg", "XML", 0, 0, 0, 0, 4, 0, 0, 0, 0, 4
"h:\SoftDev\xFRA\xFRA\icon\bootstrap\123.svg", "XML", 0, 0, 0, 0, 3, 0, 0, 0, 0, 3
"h:\SoftDev\xFRA\xFRA\icon\bootstrap\2-circle-fill.svg", "XML", 0, 0, 0, 0, 3, 0, 0, 0, 0, 3
"h:\SoftDev\xFRA\xFRA\icon\bootstrap\2-circle.svg", "XML", 0, 0, 0, 0, 3, 0, 0, 0, 0, 3
"h:\SoftDev\xFRA\xFRA\icon\bootstrap\2-square-fill.svg", "XML", 0, 0, 0, 0, 3, 0, 0, 0, 0, 3
"h:\SoftDev\xFRA\xFRA\icon\bootstrap\2-square.svg", "XML", 0, 0, 0, 0, 4, 0, 0, 0, 0, 4
"h:\SoftDev\xFRA\xFRA\icon\bootstrap\3-circle-fill.svg", "XML", 0, 0, 0, 0, 3, 0, 0, 0, 0, 3
"h:\SoftDev\xFRA\xFRA\icon\bootstrap\3-circle.svg", "XML", 0, 0, 0, 0, 4, 0, 0, 0, 0, 4
"h:\SoftDev\xFRA\xFRA\icon\bootstrap\3-square-fill.svg", "XML", 0, 0, 0, 0, 3, 0, 0, 0, 0, 3
"h:\SoftDev\xFRA\xFRA\icon\bootstrap\3-square.svg", "XML", 0, 0, 0, 0, 4, 0, 0, 0, 0, 4
"h:\SoftDev\xFRA\xFRA\icon\bootstrap\4-circle-fill.svg", "XML", 0, 0, 0, 0, 3, 0, 0, 0, 0, 3
"h:\SoftDev\xFRA\xFRA\icon\bootstrap\4-circle.svg", "XML", 0, 0, 0, 0, 4, 0, 0, 0, 0, 4
"h:\SoftDev\xFRA\xFRA\icon\bootstrap\4-square-fill.svg", "XML", 0, 0, 0, 0, 4, 0, 0, 0, 0, 4
"h:\SoftDev\xFRA\xFRA\icon\bootstrap\4-square.svg", "XML", 0, 0, 0, 0, 4, 0, 0, 0, 0, 4
"h:\SoftDev\xFRA\xFRA\icon\bootstrap\5-circle-fill.svg", "XML", 0, 0, 0, 0, 3, 0, 0, 0, 0, 3
"h:\SoftDev\xFRA\xFRA\icon\bootstrap\5-circle.svg", "XML", 0, 0, 0, 0, 3, 0, 0, 0, 0, 3
"h:\SoftDev\xFRA\xFRA\icon\bootstrap\5-square-fill.svg", "XML", 0, 0, 0, 0, 3, 0, 0, 0, 0, 3
"h:\SoftDev\xFRA\xFRA\icon\bootstrap\5-square.svg", "XML", 0, 0, 0, 0, 4, 0, 0, 0, 0, 4
"h:\SoftDev\xFRA\xFRA\icon\bootstrap\6-circle-fill.svg", "XML", 0, 0, 0, 0, 3, 0, 0, 0, 0, 3
"h:\SoftDev\xFRA\xFRA\icon\bootstrap\6-circle.svg", "XML", 0, 0, 0, 0, 3, 0, 0, 0, 0, 3
"h:\SoftDev\xFRA\xFRA\icon\bootstrap\6-square-fill.svg", "XML", 0, 0, 0, 0, 4, 0, 0, 0, 0, 4
"h:\SoftDev\xFRA\xFRA\icon\bootstrap\6-square.svg", "XML", 0, 0, 0, 0, 4, 0, 0, 0, 0, 4
"h:\SoftDev\xFRA\xFRA\icon\bootstrap\7-circle-fill.svg", "XML", 0, 0, 0, 0, 3, 0, 0, 0, 0, 3
"h:\SoftDev\xFRA\xFRA\icon\bootstrap\7-circle.svg", "XML", 0, 0, 0, 0, 3, 0, 0, 0, 0, 3
"h:\SoftDev\xFRA\xFRA\icon\bootstrap\7-square-fill.svg", "XML", 0, 0, 0, 0, 3, 0, 0, 0, 0, 3
"h:\SoftDev\xFRA\xFRA\icon\bootstrap\7-square.svg", "XML", 0, 0, 0, 0, 4, 0, 0, 0, 0, 4
"h:\SoftDev\xFRA\xFRA\icon\bootstrap\8-circle-fill.svg", "XML", 0, 0, 0, 0, 3, 0, 0, 0, 0, 3
"h:\SoftDev\xFRA\xFRA\icon\bootstrap\8-circle.svg", "XML", 0, 0, 0, 0, 3, 0, 0, 0, 0, 3
"h:\SoftDev\xFRA\xFRA\icon\bootstrap\8-square-fill.svg", "XML", 0, 0, 0, 0, 4, 0, 0, 0, 0, 4
"h:\SoftDev\xFRA\xFRA\icon\bootstrap\8-square.svg", "XML", 0, 0, 0, 0, 4, 0, 0, 0, 0, 4
"h:\SoftDev\xFRA\xFRA\icon\bootstrap\9-circle-fill.svg", "XML", 0, 0, 0, 0, 3, 0, 0, 0, 0, 3
"h:\SoftDev\xFRA\xFRA\icon\bootstrap\9-circle.svg", "XML", 0, 0, 0, 0, 3, 0, 0, 0, 0, 3
"h:\SoftDev\xFRA\xFRA\icon\bootstrap\9-square-fill.svg", "XML", 0, 0, 0, 0, 4, 0, 0, 0, 0, 4
"h:\SoftDev\xFRA\xFRA\icon\bootstrap\9-square.svg", "XML", 0, 0, 0, 0, 4, 0, 0, 0, 0, 4
"h:\SoftDev\xFRA\xFRA\icon\bootstrap\activity.svg", "XML", 0, 0, 0, 0, 3, 0, 0, 0, 0, 3
"h:\SoftDev\xFRA\xFRA\icon\bootstrap\airplane-engines-fill.svg", "XML", 0, 0, 0, 0, 3, 0, 0, 0, 0, 3
"h:\SoftDev\xFRA\xFRA\icon\bootstrap\airplane-engines.svg", "XML", 0, 0, 0, 0, 3, 0, 0, 0, 0, 3
"h:\SoftDev\xFRA\xFRA\icon\bootstrap\airplane-fill.svg", "XML", 0, 0, 0, 0, 3, 0, 0, 0, 0, 3
"h:\SoftDev\xFRA\xFRA\icon\bootstrap\airplane.svg", "XML", 0, 0, 0, 0, 3, 0, 0, 0, 0, 3
"h:\SoftDev\xFRA\xFRA\icon\bootstrap\alarm-fill.svg", "XML", 0, 0, 0, 0, 3, 0, 0, 0, 0, 3
"h:\SoftDev\xFRA\xFRA\icon\bootstrap\alarm.svg", "XML", 0, 0, 0, 0, 4, 0, 0, 0, 0, 4
"h:\SoftDev\xFRA\xFRA\icon\bootstrap\alexa.svg", "XML", 0, 0, 0, 0, 3, 0, 0, 0, 0, 3
"h:\SoftDev\xFRA\xFRA\icon\bootstrap\align-bottom.svg", "XML", 0, 0, 0, 0, 4, 0, 0, 0, 0, 4
"h:\SoftDev\xFRA\xFRA\icon\bootstrap\align-center.svg", "XML", 0, 0, 0, 0, 3, 0, 0, 0, 0, 3
"h:\SoftDev\xFRA\xFRA\icon\bootstrap\align-end.svg", "XML", 0, 0, 0, 0, 4, 0, 0, 0, 0, 4
"h:\SoftDev\xFRA\xFRA\icon\bootstrap\align-middle.svg", "XML", 0, 0, 0, 0, 3, 0, 0, 0, 0, 3
"h:\SoftDev\xFRA\xFRA\icon\bootstrap\align-start.svg", "XML", 0, 0, 0, 0, 4, 0, 0, 0, 0, 4
"h:\SoftDev\xFRA\xFRA\icon\bootstrap\align-top.svg", "XML", 0, 0, 0, 0, 4, 0, 0, 0, 0, 4
"h:\SoftDev\xFRA\xFRA\icon\bootstrap\alipay.svg", "XML", 0, 0, 0, 0, 4, 0, 0, 0, 0, 4
"h:\SoftDev\xFRA\xFRA\icon\bootstrap\alphabet-uppercase.svg", "XML", 0, 0, 0, 0, 3, 0, 0, 0, 0, 3
"h:\SoftDev\xFRA\xFRA\icon\bootstrap\alphabet.svg", "XML", 0, 0, 0, 0, 3, 0, 0, 0, 0, 3
"h:\SoftDev\xFRA\xFRA\icon\bootstrap\alt.svg", "XML", 0, 0, 0, 0, 3, 0, 0, 0, 0, 3
"h:\SoftDev\xFRA\xFRA\icon\bootstrap\amazon.svg", "XML", 0, 0, 0, 0, 4, 0, 0, 0, 0, 4
"h:\SoftDev\xFRA\xFRA\icon\bootstrap\amd.svg", "XML", 0, 0, 0, 0, 3, 0, 0, 0, 0, 3
"h:\SoftDev\xFRA\xFRA\icon\bootstrap\android.svg", "XML", 0, 0, 0, 0, 3, 0, 0, 0, 0, 3
"h:\SoftDev\xFRA\xFRA\icon\bootstrap\android2.svg", "XML", 0, 0, 0, 0, 3, 0, 0, 0, 0, 3
"h:\SoftDev\xFRA\xFRA\icon\bootstrap\anthropic.svg", "XML", 0, 0, 0, 0, 3, 0, 0, 0, 0, 3
"h:\SoftDev\xFRA\xFRA\icon\bootstrap\app-indicator.svg", "XML", 0, 0, 0, 0, 4, 0, 0, 0, 0, 4
"h:\SoftDev\xFRA\xFRA\icon\bootstrap\app.svg", "XML", 0, 0, 0, 0, 3, 0, 0, 0, 0, 3
"h:\SoftDev\xFRA\xFRA\icon\bootstrap\apple-music.svg", "XML", 0, 0, 0, 0, 3, 0, 0, 0, 0, 3
"h:\SoftDev\xFRA\xFRA\icon\bootstrap\apple.svg", "XML", 0, 0, 0, 0, 4, 0, 0, 0, 0, 4
"h:\SoftDev\xFRA\xFRA\icon\bootstrap\archive-fill.svg", "XML", 0, 0, 0, 0, 3, 0, 0, 0, 0, 3
"h:\SoftDev\xFRA\xFRA\icon\bootstrap\archive.svg", "XML", 0, 0, 0, 0, 3, 0, 0, 0, 0, 3
"h:\SoftDev\xFRA\xFRA\icon\bootstrap\arrow-90deg-down.svg", "XML", 0, 0, 0, 0, 3, 0, 0, 0, 0, 3
"h:\SoftDev\xFRA\xFRA\icon\bootstrap\arrow-90deg-left.svg", "XML", 0, 0, 0, 0, 3, 0, 0, 0, 0, 3
"h:\SoftDev\xFRA\xFRA\icon\bootstrap\arrow-90deg-right.svg", "XML", 0, 0, 0, 0, 3, 0, 0, 0, 0, 3
"h:\SoftDev\xFRA\xFRA\icon\bootstrap\arrow-90deg-up.svg", "XML", 0, 0, 0, 0, 3, 0, 0, 0, 0, 3
"h:\SoftDev\xFRA\xFRA\icon\bootstrap\arrow-bar-down.svg", "XML", 0, 0, 0, 0, 3, 0, 0, 0, 0, 3
"h:\SoftDev\xFRA\xFRA\icon\bootstrap\arrow-bar-left.svg", "XML", 0, 0, 0, 0, 3, 0, 0, 0, 0, 3
"h:\SoftDev\xFRA\xFRA\icon\bootstrap\arrow-bar-right.svg", "XML", 0, 0, 0, 0, 3, 0, 0, 0, 0, 3
"h:\SoftDev\xFRA\xFRA\icon\bootstrap\arrow-bar-up.svg", "XML", 0, 0, 0, 0, 3, 0, 0, 0, 0, 3
"h:\SoftDev\xFRA\xFRA\icon\bootstrap\arrow-clockwise.svg", "XML", 0, 0, 0, 0, 4, 0, 0, 0, 0, 4
"h:\SoftDev\xFRA\xFRA\icon\bootstrap\arrow-counterclockwise.svg", "XML", 0, 0, 0, 0, 4, 0, 0, 0, 0, 4
"h:\SoftDev\xFRA\xFRA\icon\bootstrap\arrow-down-circle-fill.svg", "XML", 0, 0, 0, 0, 3, 0, 0, 0, 0, 3
"h:\SoftDev\xFRA\xFRA\icon\bootstrap\arrow-down-circle.svg", "XML", 0, 0, 0, 0, 3, 0, 0, 0, 0, 3
"h:\SoftDev\xFRA\xFRA\icon\bootstrap\arrow-down-left-circle-fill.svg", "XML", 0, 0, 0, 0, 3, 0, 0, 0, 0, 3
"h:\SoftDev\xFRA\xFRA\icon\bootstrap\arrow-down-left-circle.svg", "XML", 0, 0, 0, 0, 3, 0, 0, 0, 0, 3
"h:\SoftDev\xFRA\xFRA\icon\bootstrap\arrow-down-left-square-fill.svg", "XML", 0, 0, 0, 0, 3, 0, 0, 0, 0, 3
"h:\SoftDev\xFRA\xFRA\icon\bootstrap\arrow-down-left-square.svg", "XML", 0, 0, 0, 0, 3, 0, 0, 0, 0, 3
"h:\SoftDev\xFRA\xFRA\icon\bootstrap\arrow-down-left.svg", "XML", 0, 0, 0, 0, 3, 0, 0, 0, 0, 3
"h:\SoftDev\xFRA\xFRA\icon\bootstrap\arrow-down-right-circle-fill.svg", "XML", 0, 0, 0, 0, 3, 0, 0, 0, 0, 3
"h:\SoftDev\xFRA\xFRA\icon\bootstrap\arrow-down-right-circle.svg", "XML", 0, 0, 0, 0, 3, 0, 0, 0, 0, 3
"h:\SoftDev\xFRA\xFRA\icon\bootstrap\arrow-down-right-square-fill.svg", "XML", 0, 0, 0, 0, 3, 0, 0, 0, 0, 3
"h:\SoftDev\xFRA\xFRA\icon\bootstrap\arrow-down-right-square.svg", "XML", 0, 0, 0, 0, 3, 0, 0, 0, 0, 3
"h:\SoftDev\xFRA\xFRA\icon\bootstrap\arrow-down-right.svg", "XML", 0, 0, 0, 0, 3, 0, 0, 0, 0, 3
"h:\SoftDev\xFRA\xFRA\icon\bootstrap\arrow-down-short.svg", "XML", 0, 0, 0, 0, 3, 0, 0, 0, 0, 3
"h:\SoftDev\xFRA\xFRA\icon\bootstrap\arrow-down-square-fill.svg", "XML", 0, 0, 0, 0, 3, 0, 0, 0, 0, 3
"h:\SoftDev\xFRA\xFRA\icon\bootstrap\arrow-down-square.svg", "XML", 0, 0, 0, 0, 3, 0, 0, 0, 0, 3
"h:\SoftDev\xFRA\xFRA\icon\bootstrap\arrow-down-up.svg", "XML", 0, 0, 0, 0, 3, 0, 0, 0, 0, 3
"h:\SoftDev\xFRA\xFRA\icon\bootstrap\arrow-down.svg", "XML", 0, 0, 0, 0, 3, 0, 0, 0, 0, 3
"h:\SoftDev\xFRA\xFRA\icon\bootstrap\arrow-left-circle-fill.svg", "XML", 0, 0, 0, 0, 3, 0, 0, 0, 0, 3
"h:\SoftDev\xFRA\xFRA\icon\bootstrap\arrow-left-circle.svg", "XML", 0, 0, 0, 0, 3, 0, 0, 0, 0, 3
"h:\SoftDev\xFRA\xFRA\icon\bootstrap\arrow-left-right.svg", "XML", 0, 0, 0, 0, 3, 0, 0, 0, 0, 3
"h:\SoftDev\xFRA\xFRA\icon\bootstrap\arrow-left-short.svg", "XML", 0, 0, 0, 0, 3, 0, 0, 0, 0, 3
"h:\SoftDev\xFRA\xFRA\icon\bootstrap\arrow-left-square-fill.svg", "XML", 0, 0, 0, 0, 3, 0, 0, 0, 0, 3
"h:\SoftDev\xFRA\xFRA\icon\bootstrap\arrow-left-square.svg", "XML", 0, 0, 0, 0, 3, 0, 0, 0, 0, 3
"h:\SoftDev\xFRA\xFRA\icon\bootstrap\arrow-left.svg", "XML", 0, 0, 0, 0, 3, 0, 0, 0, 0, 3
"h:\SoftDev\xFRA\xFRA\icon\bootstrap\arrow-repeat.svg", "XML", 0, 0, 0, 0, 4, 0, 0, 0, 0, 4
"h:\SoftDev\xFRA\xFRA\icon\bootstrap\arrow-return-left.svg", "XML", 0, 0, 0, 0, 3, 0, 0, 0, 0, 3
"h:\SoftDev\xFRA\xFRA\icon\bootstrap\arrow-return-right.svg", "XML", 0, 0, 0, 0, 3, 0, 0, 0, 0, 3
"h:\SoftDev\xFRA\xFRA\icon\bootstrap\arrow-right-circle-fill.svg", "XML", 0, 0, 0, 0, 3, 0, 0, 0, 0, 3
"h:\SoftDev\xFRA\xFRA\icon\bootstrap\arrow-right-circle.svg", "XML", 0, 0, 0, 0, 3, 0, 0, 0, 0, 3
"h:\SoftDev\xFRA\xFRA\icon\bootstrap\arrow-right-short.svg", "XML", 0, 0, 0, 0, 3, 0, 0, 0, 0, 3
"h:\SoftDev\xFRA\xFRA\icon\bootstrap\arrow-right-square-fill.svg", "XML", 0, 0, 0, 0, 3, 0, 0, 0, 0, 3
"h:\SoftDev\xFRA\xFRA\icon\bootstrap\arrow-right-square.svg", "XML", 0, 0, 0, 0, 3, 0, 0, 0, 0, 3
"h:\SoftDev\xFRA\xFRA\icon\bootstrap\arrow-right.svg", "XML", 0, 0, 0, 0, 3, 0, 0, 0, 0, 3
"h:\SoftDev\xFRA\xFRA\icon\bootstrap\arrow-through-heart-fill.svg", "XML", 0, 0, 0, 0, 3, 0, 0, 0, 0, 3
"h:\SoftDev\xFRA\xFRA\icon\bootstrap\arrow-through-heart.svg", "XML", 0, 0, 0, 0, 3, 0, 0, 0, 0, 3
"h:\SoftDev\xFRA\xFRA\icon\bootstrap\arrow-up-circle-fill.svg", "XML", 0, 0, 0, 0, 3, 0, 0, 0, 0, 3
"h:\SoftDev\xFRA\xFRA\icon\bootstrap\arrow-up-circle.svg", "XML", 0, 0, 0, 0, 3, 0, 0, 0, 0, 3
"h:\SoftDev\xFRA\xFRA\icon\bootstrap\arrow-up-left-circle-fill.svg", "XML", 0, 0, 0, 0, 3, 0, 0, 0, 0, 3
"h:\SoftDev\xFRA\xFRA\icon\bootstrap\arrow-up-left-circle.svg", "XML", 0, 0, 0, 0, 3, 0, 0, 0, 0, 3
"h:\SoftDev\xFRA\xFRA\icon\bootstrap\arrow-up-left-square-fill.svg", "XML", 0, 0, 0, 0, 3, 0, 0, 0, 0, 3
"h:\SoftDev\xFRA\xFRA\icon\bootstrap\arrow-up-left-square.svg", "XML", 0, 0, 0, 0, 3, 0, 0, 0, 0, 3
"h:\SoftDev\xFRA\xFRA\icon\bootstrap\arrow-up-left.svg", "XML", 0, 0, 0, 0, 3, 0, 0, 0, 0, 3
"h:\SoftDev\xFRA\xFRA\icon\bootstrap\arrow-up-right-circle-fill.svg", "XML", 0, 0, 0, 0, 3, 0, 0, 0, 0, 3
"h:\SoftDev\xFRA\xFRA\icon\bootstrap\arrow-up-right-circle.svg", "XML", 0, 0, 0, 0, 3, 0, 0, 0, 0, 3
"h:\SoftDev\xFRA\xFRA\icon\bootstrap\arrow-up-right-square-fill.svg", "XML", 0, 0, 0, 0, 3, 0, 0, 0, 0, 3
"h:\SoftDev\xFRA\xFRA\icon\bootstrap\arrow-up-right-square.svg", "XML", 0, 0, 0, 0, 3, 0, 0, 0, 0, 3
"h:\SoftDev\xFRA\xFRA\icon\bootstrap\arrow-up-right.svg", "XML", 0, 0, 0, 0, 3, 0, 0, 0, 0, 3
"h:\SoftDev\xFRA\xFRA\icon\bootstrap\arrow-up-short.svg", "XML", 0, 0, 0, 0, 3, 0, 0, 0, 0, 3
"h:\SoftDev\xFRA\xFRA\icon\bootstrap\arrow-up-square-fill.svg", "XML", 0, 0, 0, 0, 3, 0, 0, 0, 0, 3
"h:\SoftDev\xFRA\xFRA\icon\bootstrap\arrow-up-square.svg", "XML", 0, 0, 0, 0, 3, 0, 0, 0, 0, 3
"h:\SoftDev\xFRA\xFRA\icon\bootstrap\arrow-up.svg", "XML", 0, 0, 0, 0, 3, 0, 0, 0, 0, 3
"h:\SoftDev\xFRA\xFRA\icon\bootstrap\arrows-angle-contract.svg", "XML", 0, 0, 0, 0, 3, 0, 0, 0, 0, 3
"h:\SoftDev\xFRA\xFRA\icon\bootstrap\arrows-angle-expand.svg", "XML", 0, 0, 0, 0, 3, 0, 0, 0, 0, 3
"h:\SoftDev\xFRA\xFRA\icon\bootstrap\arrows-collapse-vertical.svg", "XML", 0, 0, 0, 0, 3, 0, 0, 0, 0, 3
"h:\SoftDev\xFRA\xFRA\icon\bootstrap\arrows-collapse.svg", "XML", 0, 0, 0, 0, 3, 0, 0, 0, 0, 3
"h:\SoftDev\xFRA\xFRA\icon\bootstrap\arrows-expand-vertical.svg", "XML", 0, 0, 0, 0, 3, 0, 0, 0, 0, 3
"h:\SoftDev\xFRA\xFRA\icon\bootstrap\arrows-expand.svg", "XML", 0, 0, 0, 0, 3, 0, 0, 0, 0, 3
"h:\SoftDev\xFRA\xFRA\icon\bootstrap\arrows-fullscreen.svg", "XML", 0, 0, 0, 0, 3, 0, 0, 0, 0, 3
"h:\SoftDev\xFRA\xFRA\icon\bootstrap\arrows-move.svg", "XML", 0, 0, 0, 0, 3, 0, 0, 0, 0, 3
"h:\SoftDev\xFRA\xFRA\icon\bootstrap\arrows-vertical.svg", "XML", 0, 0, 0, 0, 3, 0, 0, 0, 0, 3
"h:\SoftDev\xFRA\xFRA\icon\bootstrap\arrows.svg", "XML", 0, 0, 0, 0, 3, 0, 0, 0, 0, 3
"h:\SoftDev\xFRA\xFRA\icon\bootstrap\aspect-ratio-fill.svg", "XML", 0, 0, 0, 0, 3, 0, 0, 0, 0, 3
"h:\SoftDev\xFRA\xFRA\icon\bootstrap\aspect-ratio.svg", "XML", 0, 0, 0, 0, 4, 0, 0, 0, 0, 4
"h:\SoftDev\xFRA\xFRA\icon\bootstrap\asterisk.svg", "XML", 0, 0, 0, 0, 3, 0, 0, 0, 0, 3
"h:\SoftDev\xFRA\xFRA\icon\bootstrap\at.svg", "XML", 0, 0, 0, 0, 3, 0, 0, 0, 0, 3
"h:\SoftDev\xFRA\xFRA\icon\bootstrap\award-fill.svg", "XML", 0, 0, 0, 0, 4, 0, 0, 0, 0, 4
"h:\SoftDev\xFRA\xFRA\icon\bootstrap\award.svg", "XML", 0, 0, 0, 0, 4, 0, 0, 0, 0, 4
"h:\SoftDev\xFRA\xFRA\icon\bootstrap\back.svg", "XML", 0, 0, 0, 0, 3, 0, 0, 0, 0, 3
"h:\SoftDev\xFRA\xFRA\icon\bootstrap\backpack-fill.svg", "XML", 0, 0, 0, 0, 4, 0, 0, 0, 0, 4
"h:\SoftDev\xFRA\xFRA\icon\bootstrap\backpack.svg", "XML", 0, 0, 0, 0, 4, 0, 0, 0, 0, 4
"h:\SoftDev\xFRA\xFRA\icon\bootstrap\backpack2-fill.svg", "XML", 0, 0, 0, 0, 4, 0, 0, 0, 0, 4
"h:\SoftDev\xFRA\xFRA\icon\bootstrap\backpack2.svg", "XML", 0, 0, 0, 0, 5, 0, 0, 0, 0, 5
"h:\SoftDev\xFRA\xFRA\icon\bootstrap\backpack3-fill.svg", "XML", 0, 0, 0, 0, 4, 0, 0, 0, 0, 4
"h:\SoftDev\xFRA\xFRA\icon\bootstrap\backpack3.svg", "XML", 0, 0, 0, 0, 4, 0, 0, 0, 0, 4
"h:\SoftDev\xFRA\xFRA\icon\bootstrap\backpack4-fill.svg", "XML", 0, 0, 0, 0, 4, 0, 0, 0, 0, 4
"h:\SoftDev\xFRA\xFRA\icon\bootstrap\backpack4.svg", "XML", 0, 0, 0, 0, 4, 0, 0, 0, 0, 4
"h:\SoftDev\xFRA\xFRA\icon\bootstrap\backspace-fill.svg", "XML", 0, 0, 0, 0, 3, 0, 0, 0, 0, 3
"h:\SoftDev\xFRA\xFRA\icon\bootstrap\backspace-reverse-fill.svg", "XML", 0, 0, 0, 0, 3, 0, 0, 0, 0, 3
"h:\SoftDev\xFRA\xFRA\icon\bootstrap\backspace-reverse.svg", "XML", 0, 0, 0, 0, 4, 0, 0, 0, 0, 4
"h:\SoftDev\xFRA\xFRA\icon\bootstrap\backspace.svg", "XML", 0, 0, 0, 0, 4, 0, 0, 0, 0, 4
"h:\SoftDev\xFRA\xFRA\icon\bootstrap\badge-3d-fill.svg", "XML", 0, 0, 0, 0, 4, 0, 0, 0, 0, 4
"h:\SoftDev\xFRA\xFRA\icon\bootstrap\badge-3d.svg", "XML", 0, 0, 0, 0, 4, 0, 0, 0, 0, 4
"h:\SoftDev\xFRA\xFRA\icon\bootstrap\badge-4k-fill.svg", "XML", 0, 0, 0, 0, 4, 0, 0, 0, 0, 4
"h:\SoftDev\xFRA\xFRA\icon\bootstrap\badge-4k.svg", "XML", 0, 0, 0, 0, 4, 0, 0, 0, 0, 4
"h:\SoftDev\xFRA\xFRA\icon\bootstrap\badge-8k-fill.svg", "XML", 0, 0, 0, 0, 4, 0, 0, 0, 0, 4
"h:\SoftDev\xFRA\xFRA\icon\bootstrap\badge-8k.svg", "XML", 0, 0, 0, 0, 4, 0, 0, 0, 0, 4
"h:\SoftDev\xFRA\xFRA\icon\bootstrap\badge-ad-fill.svg", "XML", 0, 0, 0, 0, 4, 0, 0, 0, 0, 4
"h:\SoftDev\xFRA\xFRA\icon\bootstrap\badge-ad.svg", "XML", 0, 0, 0, 0, 4, 0, 0, 0, 0, 4
"h:\SoftDev\xFRA\xFRA\icon\bootstrap\badge-ar-fill.svg", "XML", 0, 0, 0, 0, 4, 0, 0, 0, 0, 4
"h:\SoftDev\xFRA\xFRA\icon\bootstrap\badge-ar.svg", "XML", 0, 0, 0, 0, 4, 0, 0, 0, 0, 4
"h:\SoftDev\xFRA\xFRA\icon\bootstrap\badge-cc-fill.svg", "XML", 0, 0, 0, 0, 3, 0, 0, 0, 0, 3
"h:\SoftDev\xFRA\xFRA\icon\bootstrap\badge-cc.svg", "XML", 0, 0, 0, 0, 4, 0, 0, 0, 0, 4
"h:\SoftDev\xFRA\xFRA\icon\bootstrap\badge-hd-fill.svg", "XML", 0, 0, 0, 0, 4, 0, 0, 0, 0, 4
"h:\SoftDev\xFRA\xFRA\icon\bootstrap\badge-hd.svg", "XML", 0, 0, 0, 0, 4, 0, 0, 0, 0, 4
"h:\SoftDev\xFRA\xFRA\icon\bootstrap\badge-sd-fill.svg", "XML", 0, 0, 0, 0, 4, 0, 0, 0, 0, 4
"h:\SoftDev\xFRA\xFRA\icon\bootstrap\badge-sd.svg", "XML", 0, 0, 0, 0, 3, 0, 0, 0, 0, 3
"h:\SoftDev\xFRA\xFRA\icon\bootstrap\badge-tm-fill.svg", "XML", 0, 0, 0, 0, 3, 0, 0, 0, 0, 3
"h:\SoftDev\xFRA\xFRA\icon\bootstrap\badge-tm.svg", "XML", 0, 0, 0, 0, 4, 0, 0, 0, 0, 4
"h:\SoftDev\xFRA\xFRA\icon\bootstrap\badge-vo-fill.svg", "XML", 0, 0, 0, 0, 4, 0, 0, 0, 0, 4
"h:\SoftDev\xFRA\xFRA\icon\bootstrap\badge-vo.svg", "XML", 0, 0, 0, 0, 4, 0, 0, 0, 0, 4
"h:\SoftDev\xFRA\xFRA\icon\bootstrap\badge-vr-fill.svg", "XML", 0, 0, 0, 0, 4, 0, 0, 0, 0, 4
"h:\SoftDev\xFRA\xFRA\icon\bootstrap\badge-vr.svg", "XML", 0, 0, 0, 0, 4, 0, 0, 0, 0, 4
"h:\SoftDev\xFRA\xFRA\icon\bootstrap\badge-wc-fill.svg", "XML", 0, 0, 0, 0, 3, 0, 0, 0, 0, 3
"h:\SoftDev\xFRA\xFRA\icon\bootstrap\badge-wc.svg", "XML", 0, 0, 0, 0, 4, 0, 0, 0, 0, 4
"h:\SoftDev\xFRA\xFRA\icon\bootstrap\bag-check-fill.svg", "XML", 0, 0, 0, 0, 3, 0, 0, 0, 0, 3
"h:\SoftDev\xFRA\xFRA\icon\bootstrap\bag-check.svg", "XML", 0, 0, 0, 0, 4, 0, 0, 0, 0, 4
"h:\SoftDev\xFRA\xFRA\icon\bootstrap\bag-dash-fill.svg", "XML", 0, 0, 0, 0, 3, 0, 0, 0, 0, 3
"h:\SoftDev\xFRA\xFRA\icon\bootstrap\bag-dash.svg", "XML", 0, 0, 0, 0, 4, 0, 0, 0, 0, 4
"h:\SoftDev\xFRA\xFRA\icon\bootstrap\bag-fill.svg", "XML", 0, 0, 0, 0, 3, 0, 0, 0, 0, 3
"h:\SoftDev\xFRA\xFRA\icon\bootstrap\bag-heart-fill.svg", "XML", 0, 0, 0, 0, 3, 0, 0, 0, 0, 3
"h:\SoftDev\xFRA\xFRA\icon\bootstrap\bag-heart.svg", "XML", 0, 0, 0, 0, 3, 0, 0, 0, 0, 3
"h:\SoftDev\xFRA\xFRA\icon\bootstrap\bag-plus-fill.svg", "XML", 0, 0, 0, 0, 3, 0, 0, 0, 0, 3
"h:\SoftDev\xFRA\xFRA\icon\bootstrap\bag-plus.svg", "XML", 0, 0, 0, 0, 4, 0, 0, 0, 0, 4
"h:\SoftDev\xFRA\xFRA\icon\bootstrap\bag-x-fill.svg", "XML", 0, 0, 0, 0, 3, 0, 0, 0, 0, 3
"h:\SoftDev\xFRA\xFRA\icon\bootstrap\bag-x.svg", "XML", 0, 0, 0, 0, 4, 0, 0, 0, 0, 4
"h:\SoftDev\xFRA\xFRA\icon\bootstrap\bag.svg", "XML", 0, 0, 0, 0, 3, 0, 0, 0, 0, 3
"h:\SoftDev\xFRA\xFRA\icon\bootstrap\balloon-fill.svg", "XML", 0, 0, 0, 0, 3, 0, 0, 0, 0, 3
"h:\SoftDev\xFRA\xFRA\icon\bootstrap\balloon-heart-fill.svg", "XML", 0, 0, 0, 0, 3, 0, 0, 0, 0, 3
"h:\SoftDev\xFRA\xFRA\icon\bootstrap\balloon-heart.svg", "XML", 0, 0, 0, 0, 3, 0, 0, 0, 0, 3
"h:\SoftDev\xFRA\xFRA\icon\bootstrap\balloon.svg", "XML", 0, 0, 0, 0, 3, 0, 0, 0, 0, 3
"h:\SoftDev\xFRA\xFRA\icon\bootstrap\ban-fill.svg", "XML", 0, 0, 0, 0, 3, 0, 0, 0, 0, 3
"h:\SoftDev\xFRA\xFRA\icon\bootstrap\ban.svg", "XML", 0, 0, 0, 0, 3, 0, 0, 0, 0, 3
"h:\SoftDev\xFRA\xFRA\icon\bootstrap\bandaid-fill.svg", "XML", 0, 0, 0, 0, 3, 0, 0, 0, 0, 3
"h:\SoftDev\xFRA\xFRA\icon\bootstrap\bandaid.svg", "XML", 0, 0, 0, 0, 4, 0, 0, 0, 0, 4
"h:\SoftDev\xFRA\xFRA\icon\bootstrap\bank.svg", "XML", 0, 0, 0, 0, 3, 0, 0, 0, 0, 3
"h:\SoftDev\xFRA\xFRA\icon\bootstrap\bank2.svg", "XML", 0, 0, 0, 0, 3, 0, 0, 0, 0, 3
"h:\SoftDev\xFRA\xFRA\icon\bootstrap\bar-chart-fill.svg", "XML", 0, 0, 0, 0, 3, 0, 0, 0, 0, 3
"h:\SoftDev\xFRA\xFRA\icon\bootstrap\bar-chart-line-fill.svg", "XML", 0, 0, 0, 0, 3, 0, 0, 0, 0, 3
"h:\SoftDev\xFRA\xFRA\icon\bootstrap\bar-chart-line.svg", "XML", 0, 0, 0, 0, 3, 0, 0, 0, 0, 3
"h:\SoftDev\xFRA\xFRA\icon\bootstrap\bar-chart-steps.svg", "XML", 0, 0, 0, 0, 3, 0, 0, 0, 0, 3
"h:\SoftDev\xFRA\xFRA\icon\bootstrap\bar-chart.svg", "XML", 0, 0, 0, 0, 3, 0, 0, 0, 0, 3
"h:\SoftDev\xFRA\xFRA\icon\bootstrap\basket-fill.svg", "XML", 0, 0, 0, 0, 3, 0, 0, 0, 0, 3
"h:\SoftDev\xFRA\xFRA\icon\bootstrap\basket.svg", "XML", 0, 0, 0, 0, 3, 0, 0, 0, 0, 3
"h:\SoftDev\xFRA\xFRA\icon\bootstrap\basket2-fill.svg", "XML", 0, 0, 0, 0, 3, 0, 0, 0, 0, 3
"h:\SoftDev\xFRA\xFRA\icon\bootstrap\basket2.svg", "XML", 0, 0, 0, 0, 4, 0, 0, 0, 0, 4
"h:\SoftDev\xFRA\xFRA\icon\bootstrap\basket3-fill.svg", "XML", 0, 0, 0, 0, 3, 0, 0, 0, 0, 3
"h:\SoftDev\xFRA\xFRA\icon\bootstrap\basket3.svg", "XML", 0, 0, 0, 0, 3, 0, 0, 0, 0, 3
"h:\SoftDev\xFRA\xFRA\icon\bootstrap\battery-charging.svg", "XML", 0, 0, 0, 0, 6, 0, 0, 0, 0, 6
"h:\SoftDev\xFRA\xFRA\icon\bootstrap\battery-full.svg", "XML", 0, 0, 0, 0, 4, 0, 0, 0, 0, 4
"h:\SoftDev\xFRA\xFRA\icon\bootstrap\battery-half.svg", "XML", 0, 0, 0, 0, 4, 0, 0, 0, 0, 4
"h:\SoftDev\xFRA\xFRA\icon\bootstrap\battery-low.svg", "XML", 0, 0, 0, 0, 4, 0, 0, 0, 0, 4
"h:\SoftDev\xFRA\xFRA\icon\bootstrap\battery.svg", "XML", 0, 0, 0, 0, 3, 0, 0, 0, 0, 3
"h:\SoftDev\xFRA\xFRA\icon\bootstrap\beaker-fill.svg", "XML", 0, 0, 0, 0, 3, 0, 0, 0, 0, 3
"h:\SoftDev\xFRA\xFRA\icon\bootstrap\beaker.svg", "XML", 0, 0, 0, 0, 4, 0, 0, 0, 0, 4
"h:\SoftDev\xFRA\xFRA\icon\bootstrap\behance.svg", "XML", 0, 0, 0, 0, 3, 0, 0, 0, 0, 3
"h:\SoftDev\xFRA\xFRA\icon\bootstrap\bell-fill.svg", "XML", 0, 0, 0, 0, 3, 0, 0, 0, 0, 3
"h:\SoftDev\xFRA\xFRA\icon\bootstrap\bell-slash-fill.svg", "XML", 0, 0, 0, 0, 3, 0, 0, 0, 0, 3
"h:\SoftDev\xFRA\xFRA\icon\bootstrap\bell-slash.svg", "XML", 0, 0, 0, 0, 3, 0, 0, 0, 0, 3
"h:\SoftDev\xFRA\xFRA\icon\bootstrap\bell.svg", "XML", 0, 0, 0, 0, 3, 0, 0, 0, 0, 3
"h:\SoftDev\xFRA\xFRA\icon\bootstrap\bezier.svg", "XML", 0, 0, 0, 0, 4, 0, 0, 0, 0, 4
"h:\SoftDev\xFRA\xFRA\icon\bootstrap\bezier2.svg", "XML", 0, 0, 0, 0, 3, 0, 0, 0, 0, 3
"h:\SoftDev\xFRA\xFRA\icon\bootstrap\bicycle.svg", "XML", 0, 0, 0, 0, 3, 0, 0, 0, 0, 3
"h:\SoftDev\xFRA\xFRA\icon\bootstrap\bing.svg", "XML", 0, 0, 0, 0, 5, 0, 0, 0, 0, 5
"h:\SoftDev\xFRA\xFRA\icon\bootstrap\binoculars-fill.svg", "XML", 0, 0, 0, 0, 3, 0, 0, 0, 0, 3
"h:\SoftDev\xFRA\xFRA\icon\bootstrap\binoculars.svg", "XML", 0, 0, 0, 0, 3, 0, 0, 0, 0, 3
"h:\SoftDev\xFRA\xFRA\icon\bootstrap\blockquote-left.svg", "XML", 0, 0, 0, 0, 3, 0, 0, 0, 0, 3
"h:\SoftDev\xFRA\xFRA\icon\bootstrap\blockquote-right.svg", "XML", 0, 0, 0, 0, 3, 0, 0, 0, 0, 3
"h:\SoftDev\xFRA\xFRA\icon\bootstrap\bluesky.svg", "XML", 0, 0, 0, 0, 3, 0, 0, 0, 0, 3
"h:\SoftDev\xFRA\xFRA\icon\bootstrap\bluetooth.svg", "XML", 0, 0, 0, 0, 3, 0, 0, 0, 0, 3
"h:\SoftDev\xFRA\xFRA\icon\bootstrap\body-text.svg", "XML", 0, 0, 0, 0, 3, 0, 0, 0, 0, 3
"h:\SoftDev\xFRA\xFRA\icon\bootstrap\book-fill.svg", "XML", 0, 0, 0, 0, 3, 0, 0, 0, 0, 3
"h:\SoftDev\xFRA\xFRA\icon\bootstrap\book-half.svg", "XML", 0, 0, 0, 0, 3, 0, 0, 0, 0, 3
"h:\SoftDev\xFRA\xFRA\icon\bootstrap\book.svg", "XML", 0, 0, 0, 0, 3, 0, 0, 0, 0, 3
"h:\SoftDev\xFRA\xFRA\icon\bootstrap\bookmark-check-fill.svg", "XML", 0, 0, 0, 0, 3, 0, 0, 0, 0, 3
"h:\SoftDev\xFRA\xFRA\icon\bootstrap\bookmark-check.svg", "XML", 0, 0, 0, 0, 4, 0, 0, 0, 0, 4
"h:\SoftDev\xFRA\xFRA\icon\bootstrap\bookmark-dash-fill.svg", "XML", 0, 0, 0, 0, 3, 0, 0, 0, 0, 3
"h:\SoftDev\xFRA\xFRA\icon\bootstrap\bookmark-dash.svg", "XML", 0, 0, 0, 0, 4, 0, 0, 0, 0, 4
"h:\SoftDev\xFRA\xFRA\icon\bootstrap\bookmark-fill.svg", "XML", 0, 0, 0, 0, 3, 0, 0, 0, 0, 3
"h:\SoftDev\xFRA\xFRA\icon\bootstrap\bookmark-heart-fill.svg", "XML", 0, 0, 0, 0, 3, 0, 0, 0, 0, 3
"h:\SoftDev\xFRA\xFRA\icon\bootstrap\bookmark-heart.svg", "XML", 0, 0, 0, 0, 4, 0, 0, 0, 0, 4
"h:\SoftDev\xFRA\xFRA\icon\bootstrap\bookmark-plus-fill.svg", "XML", 0, 0, 0, 0, 3, 0, 0, 0, 0, 3
"h:\SoftDev\xFRA\xFRA\icon\bootstrap\bookmark-plus.svg", "XML", 0, 0, 0, 0, 4, 0, 0, 0, 0, 4
"h:\SoftDev\xFRA\xFRA\icon\bootstrap\bookmark-star-fill.svg", "XML", 0, 0, 0, 0, 3, 0, 0, 0, 0, 3
"h:\SoftDev\xFRA\xFRA\icon\bootstrap\bookmark-star.svg", "XML", 0, 0, 0, 0, 4, 0, 0, 0, 0, 4
"h:\SoftDev\xFRA\xFRA\icon\bootstrap\bookmark-x-fill.svg", "XML", 0, 0, 0, 0, 3, 0, 0, 0, 0, 3
"h:\SoftDev\xFRA\xFRA\icon\bootstrap\bookmark-x.svg", "XML", 0, 0, 0, 0, 4, 0, 0, 0, 0, 4
"h:\SoftDev\xFRA\xFRA\icon\bootstrap\bookmark.svg", "XML", 0, 0, 0, 0, 3, 0, 0, 0, 0, 3
"h:\SoftDev\xFRA\xFRA\icon\bootstrap\bookmarks-fill.svg", "XML", 0, 0, 0, 0, 4, 0, 0, 0, 0, 4
"h:\SoftDev\xFRA\xFRA\icon\bootstrap\bookmarks.svg", "XML", 0, 0, 0, 0, 4, 0, 0, 0, 0, 4
"h:\SoftDev\xFRA\xFRA\icon\bootstrap\bookshelf.svg", "XML", 0, 0, 0, 0, 3, 0, 0, 0, 0, 3
"h:\SoftDev\xFRA\xFRA\icon\bootstrap\boombox-fill.svg", "XML", 0, 0, 0, 0, 4, 0, 0, 0, 0, 4
"h:\SoftDev\xFRA\xFRA\icon\bootstrap\boombox.svg", "XML", 0, 0, 0, 0, 6, 0, 0, 0, 0, 6
"h:\SoftDev\xFRA\xFRA\icon\bootstrap\bootstrap-fill.svg", "XML", 0, 0, 0, 0, 4, 0, 0, 0, 0, 4
"h:\SoftDev\xFRA\xFRA\icon\bootstrap\bootstrap-icons.css", "PostCSS", 0, 0, 0, 0, 0, 2098, 0, 5, 4, 2107
"h:\SoftDev\xFRA\xFRA\icon\bootstrap\bootstrap-icons.json", "JSON", 0, 0, 2080, 0, 0, 0, 0, 0, 0, 2080
"h:\SoftDev\xFRA\xFRA\icon\bootstrap\bootstrap-icons.min.css", "PostCSS", 0, 0, 0, 0, 0, 1, 0, 4, 0, 5
"h:\SoftDev\xFRA\xFRA\icon\bootstrap\bootstrap-icons.scss", "SCSS", 0, 0, 0, 0, 0, 0, 2108, 5, 6, 2119
"h:\SoftDev\xFRA\xFRA\icon\bootstrap\bootstrap-icons.svg", "XML", 0, 0, 0, 0, 1, 0, 0, 0, 0, 1
"h:\SoftDev\xFRA\xFRA\icon\bootstrap\bootstrap-reboot.svg", "XML", 0, 0, 0, 0, 4, 0, 0, 0, 0, 4
"h:\SoftDev\xFRA\xFRA\icon\bootstrap\bootstrap.svg", "XML", 0, 0, 0, 0, 4, 0, 0, 0, 0, 4
"h:\SoftDev\xFRA\xFRA\icon\bootstrap\border-all.svg", "XML", 0, 0, 0, 0, 3, 0, 0, 0, 0, 3
"h:\SoftDev\xFRA\xFRA\icon\bootstrap\border-bottom.svg", "XML", 0, 0, 0, 0, 3, 0, 0, 0, 0, 3
"h:\SoftDev\xFRA\xFRA\icon\bootstrap\border-center.svg", "XML", 0, 0, 0, 0, 3, 0, 0, 0, 0, 3
"h:\SoftDev\xFRA\xFRA\icon\bootstrap\border-inner.svg", "XML", 0, 0, 0, 0, 5, 0, 0, 0, 0, 5
"h:\SoftDev\xFRA\xFRA\icon\bootstrap\border-left.svg", "XML", 0, 0, 0, 0, 3, 0, 0, 0, 0, 3
"h:\SoftDev\xFRA\xFRA\icon\bootstrap\border-middle.svg", "XML", 0, 0, 0, 0, 3, 0, 0, 0, 0, 3
"h:\SoftDev\xFRA\xFRA\icon\bootstrap\border-outer.svg", "XML", 0, 0, 0, 0, 4, 0, 0, 0, 0, 4
"h:\SoftDev\xFRA\xFRA\icon\bootstrap\border-right.svg", "XML", 0, 0, 0, 0, 3, 0, 0, 0, 0, 3
"h:\SoftDev\xFRA\xFRA\icon\bootstrap\border-style.svg", "XML", 0, 0, 0, 0, 3, 0, 0, 0, 0, 3
"h:\SoftDev\xFRA\xFRA\icon\bootstrap\border-top.svg", "XML", 0, 0, 0, 0, 3, 0, 0, 0, 0, 3
"h:\SoftDev\xFRA\xFRA\icon\bootstrap\border-width.svg", "XML", 0, 0, 0, 0, 3, 0, 0, 0, 0, 3
"h:\SoftDev\xFRA\xFRA\icon\bootstrap\border.svg", "XML", 0, 0, 0, 0, 3, 0, 0, 0, 0, 3
"h:\SoftDev\xFRA\xFRA\icon\bootstrap\bounding-box-circles.svg", "XML", 0, 0, 0, 0, 3, 0, 0, 0, 0, 3
"h:\SoftDev\xFRA\xFRA\icon\bootstrap\bounding-box.svg", "XML", 0, 0, 0, 0, 3, 0, 0, 0, 0, 3
"h:\SoftDev\xFRA\xFRA\icon\bootstrap\box-arrow-down-left.svg", "XML", 0, 0, 0, 0, 4, 0, 0, 0, 0, 4
"h:\SoftDev\xFRA\xFRA\icon\bootstrap\box-arrow-down-right.svg", "XML", 0, 0, 0, 0, 4, 0, 0, 0, 0, 4
"h:\SoftDev\xFRA\xFRA\icon\bootstrap\box-arrow-down.svg", "XML", 0, 0, 0, 0, 4, 0, 0, 0, 0, 4
"h:\SoftDev\xFRA\xFRA\icon\bootstrap\box-arrow-in-down-left.svg", "XML", 0, 0, 0, 0, 4, 0, 0, 0, 0, 4
"h:\SoftDev\xFRA\xFRA\icon\bootstrap\box-arrow-in-down-right.svg", "XML", 0, 0, 0, 0, 4, 0, 0, 0, 0, 4
"h:\SoftDev\xFRA\xFRA\icon\bootstrap\box-arrow-in-down.svg", "XML", 0, 0, 0, 0, 4, 0, 0, 0, 0, 4
"h:\SoftDev\xFRA\xFRA\icon\bootstrap\box-arrow-in-left.svg", "XML", 0, 0, 0, 0, 4, 0, 0, 0, 0, 4
"h:\SoftDev\xFRA\xFRA\icon\bootstrap\box-arrow-in-right.svg", "XML", 0, 0, 0, 0, 4, 0, 0, 0, 0, 4
"h:\SoftDev\xFRA\xFRA\icon\bootstrap\box-arrow-in-up-left.svg", "XML", 0, 0, 0, 0, 4, 0, 0, 0, 0, 4
"h:\SoftDev\xFRA\xFRA\icon\bootstrap\box-arrow-in-up-right.svg", "XML", 0, 0, 0, 0, 4, 0, 0, 0, 0, 4
"h:\SoftDev\xFRA\xFRA\icon\bootstrap\box-arrow-in-up.svg", "XML", 0, 0, 0, 0, 4, 0, 0, 0, 0, 4
"h:\SoftDev\xFRA\xFRA\icon\bootstrap\box-arrow-left.svg", "XML", 0, 0, 0, 0, 4, 0, 0, 0, 0, 4
"h:\SoftDev\xFRA\xFRA\icon\bootstrap\box-arrow-right.svg", "XML", 0, 0, 0, 0, 4, 0, 0, 0, 0, 4
"h:\SoftDev\xFRA\xFRA\icon\bootstrap\box-arrow-up-left.svg", "XML", 0, 0, 0, 0, 4, 0, 0, 0, 0, 4
"h:\SoftDev\xFRA\xFRA\icon\bootstrap\box-arrow-up-right.svg", "XML", 0, 0, 0, 0, 4, 0, 0, 0, 0, 4
"h:\SoftDev\xFRA\xFRA\icon\bootstrap\box-arrow-up.svg", "XML", 0, 0, 0, 0, 4, 0, 0, 0, 0, 4
"h:\SoftDev\xFRA\xFRA\icon\bootstrap\box-fill.svg", "XML", 0, 0, 0, 0, 3, 0, 0, 0, 0, 3
"h:\SoftDev\xFRA\xFRA\icon\bootstrap\box-seam-fill.svg", "XML", 0, 0, 0, 0, 3, 0, 0, 0, 0, 3
"h:\SoftDev\xFRA\xFRA\icon\bootstrap\box-seam.svg", "XML", 0, 0, 0, 0, 3, 0, 0, 0, 0, 3
"h:\SoftDev\xFRA\xFRA\icon\bootstrap\box.svg", "XML", 0, 0, 0, 0, 3, 0, 0, 0, 0, 3
"h:\SoftDev\xFRA\xFRA\icon\bootstrap\box2-fill.svg", "XML", 0, 0, 0, 0, 3, 0, 0, 0, 0, 3
"h:\SoftDev\xFRA\xFRA\icon\bootstrap\box2-heart-fill.svg", "XML", 0, 0, 0, 0, 3, 0, 0, 0, 0, 3
"h:\SoftDev\xFRA\xFRA\icon\bootstrap\box2-heart.svg", "XML", 0, 0, 0, 0, 4, 0, 0, 0, 0, 4
"h:\SoftDev\xFRA\xFRA\icon\bootstrap\box2.svg", "XML", 0, 0, 0, 0, 3, 0, 0, 0, 0, 3
"h:\SoftDev\xFRA\xFRA\icon\bootstrap\boxes.svg", "XML", 0, 0, 0, 0, 3, 0, 0, 0, 0, 3
"h:\SoftDev\xFRA\xFRA\icon\bootstrap\braces-asterisk.svg", "XML", 0, 0, 0, 0, 3, 0, 0, 0, 0, 3
"h:\SoftDev\xFRA\xFRA\icon\bootstrap\braces.svg", "XML", 0, 0, 0, 0, 3, 0, 0, 0, 0, 3
"h:\SoftDev\xFRA\xFRA\icon\bootstrap\bricks.svg", "XML", 0, 0, 0, 0, 3, 0, 0, 0, 0, 3
"h:\SoftDev\xFRA\xFRA\icon\bootstrap\briefcase-fill.svg", "XML", 0, 0, 0, 0, 4, 0, 0, 0, 0, 4
"h:\SoftDev\xFRA\xFRA\icon\bootstrap\briefcase.svg", "XML", 0, 0, 0, 0, 3, 0, 0, 0, 0, 3
"h:\SoftDev\xFRA\xFRA\icon\bootstrap\brightness-alt-high-fill.svg", "XML", 0, 0, 0, 0, 3, 0, 0, 0, 0, 3
"h:\SoftDev\xFRA\xFRA\icon\bootstrap\brightness-alt-high.svg", "XML", 0, 0, 0, 0, 3, 0, 0, 0, 0, 3
"h:\SoftDev\xFRA\xFRA\icon\bootstrap\brightness-alt-low-fill.svg", "XML", 0, 0, 0, 0, 3, 0, 0, 0, 0, 3
"h:\SoftDev\xFRA\xFRA\icon\bootstrap\brightness-alt-low.svg", "XML", 0, 0, 0, 0, 3, 0, 0, 0, 0, 3
"h:\SoftDev\xFRA\xFRA\icon\bootstrap\brightness-high-fill.svg", "XML", 0, 0, 0, 0, 3, 0, 0, 0, 0, 3
"h:\SoftDev\xFRA\xFRA\icon\bootstrap\brightness-high.svg", "XML", 0, 0, 0, 0, 3, 0, 0, 0, 0, 3
"h:\SoftDev\xFRA\xFRA\icon\bootstrap\brightness-low-fill.svg", "XML", 0, 0, 0, 0, 3, 0, 0, 0, 0, 3
"h:\SoftDev\xFRA\xFRA\icon\bootstrap\brightness-low.svg", "XML", 0, 0, 0, 0, 3, 0, 0, 0, 0, 3
"h:\SoftDev\xFRA\xFRA\icon\bootstrap\brilliance.svg", "XML", 0, 0, 0, 0, 3, 0, 0, 0, 0, 3
"h:\SoftDev\xFRA\xFRA\icon\bootstrap\broadcast-pin.svg", "XML", 0, 0, 0, 0, 3, 0, 0, 0, 0, 3
"h:\SoftDev\xFRA\xFRA\icon\bootstrap\broadcast.svg", "XML", 0, 0, 0, 0, 3, 0, 0, 0, 0, 3
"h:\SoftDev\xFRA\xFRA\icon\bootstrap\browser-chrome.svg", "XML", 0, 0, 0, 0, 3, 0, 0, 0, 0, 3
"h:\SoftDev\xFRA\xFRA\icon\bootstrap\browser-edge.svg", "XML", 0, 0, 0, 0, 5, 0, 0, 0, 0, 5
"h:\SoftDev\xFRA\xFRA\icon\bootstrap\browser-firefox.svg", "XML", 0, 0, 0, 0, 3, 0, 0, 0, 0, 3
"h:\SoftDev\xFRA\xFRA\icon\bootstrap\browser-safari.svg", "XML", 0, 0, 0, 0, 3, 0, 0, 0, 0, 3
"h:\SoftDev\xFRA\xFRA\icon\bootstrap\brush-fill.svg", "XML", 0, 0, 0, 0, 3, 0, 0, 0, 0, 3
"h:\SoftDev\xFRA\xFRA\icon\bootstrap\brush.svg", "XML", 0, 0, 0, 0, 3, 0, 0, 0, 0, 3
"h:\SoftDev\xFRA\xFRA\icon\bootstrap\bucket-fill.svg", "XML", 0, 0, 0, 0, 3, 0, 0, 0, 0, 3
"h:\SoftDev\xFRA\xFRA\icon\bootstrap\bucket.svg", "XML", 0, 0, 0, 0, 3, 0, 0, 0, 0, 3
"h:\SoftDev\xFRA\xFRA\icon\bootstrap\bug-fill.svg", "XML", 0, 0, 0, 0, 4, 0, 0, 0, 0, 4
"h:\SoftDev\xFRA\xFRA\icon\bootstrap\bug.svg", "XML", 0, 0, 0, 0, 3, 0, 0, 0, 0, 3
"h:\SoftDev\xFRA\xFRA\icon\bootstrap\building-add.svg", "XML", 0, 0, 0, 0, 5, 0, 0, 0, 0, 5
"h:\SoftDev\xFRA\xFRA\icon\bootstrap\building-check.svg", "XML", 0, 0, 0, 0, 5, 0, 0, 0, 0, 5
"h:\SoftDev\xFRA\xFRA\icon\bootstrap\building-dash.svg", "XML", 0, 0, 0, 0, 5, 0, 0, 0, 0, 5
"h:\SoftDev\xFRA\xFRA\icon\bootstrap\building-down.svg", "XML", 0, 0, 0, 0, 5, 0, 0, 0, 0, 5
"h:\SoftDev\xFRA\xFRA\icon\bootstrap\building-exclamation.svg", "XML", 0, 0, 0, 0, 4, 0, 0, 0, 0, 4
"h:\SoftDev\xFRA\xFRA\icon\bootstrap\building-fill-add.svg", "XML", 0, 0, 0, 0, 4, 0, 0, 0, 0, 4
"h:\SoftDev\xFRA\xFRA\icon\bootstrap\building-fill-check.svg", "XML", 0, 0, 0, 0, 4, 0, 0, 0, 0, 4
"h:\SoftDev\xFRA\xFRA\icon\bootstrap\building-fill-dash.svg", "XML", 0, 0, 0, 0, 4, 0, 0, 0, 0, 4
"h:\SoftDev\xFRA\xFRA\icon\bootstrap\building-fill-down.svg", "XML", 0, 0, 0, 0, 4, 0, 0, 0, 0, 4
"h:\SoftDev\xFRA\xFRA\icon\bootstrap\building-fill-exclamation.svg", "XML", 0, 0, 0, 0, 4, 0, 0, 0, 0, 4
"h:\SoftDev\xFRA\xFRA\icon\bootstrap\building-fill-gear.svg", "XML", 0, 0, 0, 0, 4, 0, 0, 0, 0, 4
"h:\SoftDev\xFRA\xFRA\icon\bootstrap\building-fill-lock.svg", "XML", 0, 0, 0, 0, 4, 0, 0, 0, 0, 4
"h:\SoftDev\xFRA\xFRA\icon\bootstrap\building-fill-slash.svg", "XML", 0, 0, 0, 0, 4, 0, 0, 0, 0, 4
"h:\SoftDev\xFRA\xFRA\icon\bootstrap\building-fill-up.svg", "XML", 0, 0, 0, 0, 4, 0, 0, 0, 0, 4
"h:\SoftDev\xFRA\xFRA\icon\bootstrap\building-fill-x.svg", "XML", 0, 0, 0, 0, 4, 0, 0, 0, 0, 4
"h:\SoftDev\xFRA\xFRA\icon\bootstrap\building-fill.svg", "XML", 0, 0, 0, 0, 3, 0, 0, 0, 0, 3
"h:\SoftDev\xFRA\xFRA\icon\bootstrap\building-gear.svg", "XML", 0, 0, 0, 0, 4, 0, 0, 0, 0, 4
"h:\SoftDev\xFRA\xFRA\icon\bootstrap\building-lock.svg", "XML", 0, 0, 0, 0, 4, 0, 0, 0, 0, 4
"h:\SoftDev\xFRA\xFRA\icon\bootstrap\building-slash.svg", "XML", 0, 0, 0, 0, 5, 0, 0, 0, 0, 5
"h:\SoftDev\xFRA\xFRA\icon\bootstrap\building-up.svg", "XML", 0, 0, 0, 0, 5, 0, 0, 0, 0, 5
"h:\SoftDev\xFRA\xFRA\icon\bootstrap\building-x.svg", "XML", 0, 0, 0, 0, 4, 0, 0, 0, 0, 4
"h:\SoftDev\xFRA\xFRA\icon\bootstrap\building.svg", "XML", 0, 0, 0, 0, 4, 0, 0, 0, 0, 4
"h:\SoftDev\xFRA\xFRA\icon\bootstrap\buildings-fill.svg", "XML", 0, 0, 0, 0, 3, 0, 0, 0, 0, 3
"h:\SoftDev\xFRA\xFRA\icon\bootstrap\buildings.svg", "XML", 0, 0, 0, 0, 4, 0, 0, 0, 0, 4
"h:\SoftDev\xFRA\xFRA\icon\bootstrap\bullseye.svg", "XML", 0, 0, 0, 0, 6, 0, 0, 0, 0, 6
"h:\SoftDev\xFRA\xFRA\icon\bootstrap\bus-front-fill.svg", "XML", 0, 0, 0, 0, 3, 0, 0, 0, 0, 3
"h:\SoftDev\xFRA\xFRA\icon\bootstrap\bus-front.svg", "XML", 0, 0, 0, 0, 4, 0, 0, 0, 0, 4
"h:\SoftDev\xFRA\xFRA\icon\bootstrap\c-circle-fill.svg", "XML", 0, 0, 0, 0, 3, 0, 0, 0, 0, 3
"h:\SoftDev\xFRA\xFRA\icon\bootstrap\c-circle.svg", "XML", 0, 0, 0, 0, 3, 0, 0, 0, 0, 3
"h:\SoftDev\xFRA\xFRA\icon\bootstrap\c-square-fill.svg", "XML", 0, 0, 0, 0, 3, 0, 0, 0, 0, 3
"h:\SoftDev\xFRA\xFRA\icon\bootstrap\c-square.svg", "XML", 0, 0, 0, 0, 4, 0, 0, 0, 0, 4
"h:\SoftDev\xFRA\xFRA\icon\bootstrap\cake-fill.svg", "XML", 0, 0, 0, 0, 3, 0, 0, 0, 0, 3
"h:\SoftDev\xFRA\xFRA\icon\bootstrap\cake.svg", "XML", 0, 0, 0, 0, 3, 0, 0, 0, 0, 3
"h:\SoftDev\xFRA\xFRA\icon\bootstrap\cake2-fill.svg", "XML", 0, 0, 0, 0, 4, 0, 0, 0, 0, 4
"h:\SoftDev\xFRA\xFRA\icon\bootstrap\cake2.svg", "XML", 0, 0, 0, 0, 3, 0, 0, 0, 0, 3
"h:\SoftDev\xFRA\xFRA\icon\bootstrap\calculator-fill.svg", "XML", 0, 0, 0, 0, 3, 0, 0, 0, 0, 3
"h:\SoftDev\xFRA\xFRA\icon\bootstrap\calculator.svg", "XML", 0, 0, 0, 0, 4, 0, 0, 0, 0, 4
"h:\SoftDev\xFRA\xFRA\icon\bootstrap\calendar-check-fill.svg", "XML", 0, 0, 0, 0, 3, 0, 0, 0, 0, 3
"h:\SoftDev\xFRA\xFRA\icon\bootstrap\calendar-check.svg", "XML", 0, 0, 0, 0, 4, 0, 0, 0, 0, 4
"h:\SoftDev\xFRA\xFRA\icon\bootstrap\calendar-date-fill.svg", "XML", 0, 0, 0, 0, 4, 0, 0, 0, 0, 4
"h:\SoftDev\xFRA\xFRA\icon\bootstrap\calendar-date.svg", "XML", 0, 0, 0, 0, 4, 0, 0, 0, 0, 4
"h:\SoftDev\xFRA\xFRA\icon\bootstrap\calendar-day-fill.svg", "XML", 0, 0, 0, 0, 3, 0, 0, 0, 0, 3
"h:\SoftDev\xFRA\xFRA\icon\bootstrap\calendar-day.svg", "XML", 0, 0, 0, 0, 4, 0, 0, 0, 0, 4
"h:\SoftDev\xFRA\xFRA\icon\bootstrap\calendar-event-fill.svg", "XML", 0, 0, 0, 0, 3, 0, 0, 0, 0, 3
"h:\SoftDev\xFRA\xFRA\icon\bootstrap\calendar-event.svg", "XML", 0, 0, 0, 0, 4, 0, 0, 0, 0, 4
"h:\SoftDev\xFRA\xFRA\icon\bootstrap\calendar-fill.svg", "XML", 0, 0, 0, 0, 3, 0, 0, 0, 0, 3
"h:\SoftDev\xFRA\xFRA\icon\bootstrap\calendar-heart-fill.svg", "XML", 0, 0, 0, 0, 3, 0, 0, 0, 0, 3
"h:\SoftDev\xFRA\xFRA\icon\bootstrap\calendar-heart.svg", "XML", 0, 0, 0, 0, 3, 0, 0, 0, 0, 3
"h:\SoftDev\xFRA\xFRA\icon\bootstrap\calendar-minus-fill.svg", "XML", 0, 0, 0, 0, 3, 0, 0, 0, 0, 3
"h:\SoftDev\xFRA\xFRA\icon\bootstrap\calendar-minus.svg", "XML", 0, 0, 0, 0, 4, 0, 0, 0, 0, 4
"h:\SoftDev\xFRA\xFRA\icon\bootstrap\calendar-month-fill.svg", "XML", 0, 0, 0, 0, 4, 0, 0, 0, 0, 4
"h:\SoftDev\xFRA\xFRA\icon\bootstrap\calendar-month.svg", "XML", 0, 0, 0, 0, 4, 0, 0, 0, 0, 4
"h:\SoftDev\xFRA\xFRA\icon\bootstrap\calendar-plus-fill.svg", "XML", 0, 0, 0, 0, 3, 0, 0, 0, 0, 3
"h:\SoftDev\xFRA\xFRA\icon\bootstrap\calendar-plus.svg", "XML", 0, 0, 0, 0, 4, 0, 0, 0, 0, 4
"h:\SoftDev\xFRA\xFRA\icon\bootstrap\calendar-range-fill.svg", "XML", 0, 0, 0, 0, 3, 0, 0, 0, 0, 3
"h:\SoftDev\xFRA\xFRA\icon\bootstrap\calendar-range.svg", "XML", 0, 0, 0, 0, 4, 0, 0, 0, 0, 4
"h:\SoftDev\xFRA\xFRA\icon\bootstrap\calendar-week-fill.svg", "XML", 0, 0, 0, 0, 3, 0, 0, 0, 0, 3
"h:\SoftDev\xFRA\xFRA\icon\bootstrap\calendar-week.svg", "XML", 0, 0, 0, 0, 4, 0, 0, 0, 0, 4
"h:\SoftDev\xFRA\xFRA\icon\bootstrap\calendar-x-fill.svg", "XML", 0, 0, 0, 0, 3, 0, 0, 0, 0, 3
"h:\SoftDev\xFRA\xFRA\icon\bootstrap\calendar-x.svg", "XML", 0, 0, 0, 0, 4, 0, 0, 0, 0, 4
"h:\SoftDev\xFRA\xFRA\icon\bootstrap\calendar.svg", "XML", 0, 0, 0, 0, 3, 0, 0, 0, 0, 3
"h:\SoftDev\xFRA\xFRA\icon\bootstrap\calendar2-check-fill.svg", "XML", 0, 0, 0, 0, 3, 0, 0, 0, 0, 3
"h:\SoftDev\xFRA\xFRA\icon\bootstrap\calendar2-check.svg", "XML", 0, 0, 0, 0, 5, 0, 0, 0, 0, 5
"h:\SoftDev\xFRA\xFRA\icon\bootstrap\calendar2-date-fill.svg", "XML", 0, 0, 0, 0, 4, 0, 0, 0, 0, 4
"h:\SoftDev\xFRA\xFRA\icon\bootstrap\calendar2-date.svg", "XML", 0, 0, 0, 0, 5, 0, 0, 0, 0, 5
"h:\SoftDev\xFRA\xFRA\icon\bootstrap\calendar2-day-fill.svg", "XML", 0, 0, 0, 0, 3, 0, 0, 0, 0, 3
"h:\SoftDev\xFRA\xFRA\icon\bootstrap\calendar2-day.svg", "XML", 0, 0, 0, 0, 5, 0, 0, 0, 0, 5
"h:\SoftDev\xFRA\xFRA\icon\bootstrap\calendar2-event-fill.svg", "XML", 0, 0, 0, 0, 3, 0, 0, 0, 0, 3
"h:\SoftDev\xFRA\xFRA\icon\bootstrap\calendar2-event.svg", "XML", 0, 0, 0, 0, 5, 0, 0, 0, 0, 5
"h:\SoftDev\xFRA\xFRA\icon\bootstrap\calendar2-fill.svg", "XML", 0, 0, 0, 0, 3, 0, 0, 0, 0, 3
"h:\SoftDev\xFRA\xFRA\icon\bootstrap\calendar2-heart-fill.svg", "XML", 0, 0, 0, 0, 3, 0, 0, 0, 0, 3
"h:\SoftDev\xFRA\xFRA\icon\bootstrap\calendar2-heart.svg", "XML", 0, 0, 0, 0, 3, 0, 0, 0, 0, 3
"h:\SoftDev\xFRA\xFRA\icon\bootstrap\calendar2-minus-fill.svg", "XML", 0, 0, 0, 0, 3, 0, 0, 0, 0, 3
"h:\SoftDev\xFRA\xFRA\icon\bootstrap\calendar2-minus.svg", "XML", 0, 0, 0, 0, 5, 0, 0, 0, 0, 5
"h:\SoftDev\xFRA\xFRA\icon\bootstrap\calendar2-month-fill.svg", "XML", 0, 0, 0, 0, 4, 0, 0, 0, 0, 4
"h:\SoftDev\xFRA\xFRA\icon\bootstrap\calendar2-month.svg", "XML", 0, 0, 0, 0, 5, 0, 0, 0, 0, 5
"h:\SoftDev\xFRA\xFRA\icon\bootstrap\calendar2-plus-fill.svg", "XML", 0, 0, 0, 0, 3, 0, 0, 0, 0, 3
"h:\SoftDev\xFRA\xFRA\icon\bootstrap\calendar2-plus.svg", "XML", 0, 0, 0, 0, 4, 0, 0, 0, 0, 4
"h:\SoftDev\xFRA\xFRA\icon\bootstrap\calendar2-range-fill.svg", "XML", 0, 0, 0, 0, 3, 0, 0, 0, 0, 3
"h:\SoftDev\xFRA\xFRA\icon\bootstrap\calendar2-range.svg", "XML", 0, 0, 0, 0, 4, 0, 0, 0, 0, 4
"h:\SoftDev\xFRA\xFRA\icon\bootstrap\calendar2-week-fill.svg", "XML", 0, 0, 0, 0, 3, 0, 0, 0, 0, 3
"h:\SoftDev\xFRA\xFRA\icon\bootstrap\calendar2-week.svg", "XML", 0, 0, 0, 0, 4, 0, 0, 0, 0, 4
"h:\SoftDev\xFRA\xFRA\icon\bootstrap\calendar2-x-fill.svg", "XML", 0, 0, 0, 0, 3, 0, 0, 0, 0, 3
"h:\SoftDev\xFRA\xFRA\icon\bootstrap\calendar2-x.svg", "XML", 0, 0, 0, 0, 5, 0, 0, 0, 0, 5
"h:\SoftDev\xFRA\xFRA\icon\bootstrap\calendar2.svg", "XML", 0, 0, 0, 0, 4, 0, 0, 0, 0, 4
"h:\SoftDev\xFRA\xFRA\icon\bootstrap\calendar3-event-fill.svg", "XML", 0, 0, 0, 0, 3, 0, 0, 0, 0, 3
"h:\SoftDev\xFRA\xFRA\icon\bootstrap\calendar3-event.svg", "XML", 0, 0, 0, 0, 4, 0, 0, 0, 0, 4
"h:\SoftDev\xFRA\xFRA\icon\bootstrap\calendar3-fill.svg", "XML", 0, 0, 0, 0, 3, 0, 0, 0, 0, 3
"h:\SoftDev\xFRA\xFRA\icon\bootstrap\calendar3-range-fill.svg", "XML", 0, 0, 0, 0, 3, 0, 0, 0, 0, 3
"h:\SoftDev\xFRA\xFRA\icon\bootstrap\calendar3-range.svg", "XML", 0, 0, 0, 0, 4, 0, 0, 0, 0, 4
"h:\SoftDev\xFRA\xFRA\icon\bootstrap\calendar3-week-fill.svg", "XML", 0, 0, 0, 0, 3, 0, 0, 0, 0, 3
"h:\SoftDev\xFRA\xFRA\icon\bootstrap\calendar3-week.svg", "XML", 0, 0, 0, 0, 4, 0, 0, 0, 0, 4
"h:\SoftDev\xFRA\xFRA\icon\bootstrap\calendar3.svg", "XML", 0, 0, 0, 0, 4, 0, 0, 0, 0, 4
"h:\SoftDev\xFRA\xFRA\icon\bootstrap\calendar4-event.svg", "XML", 0, 0, 0, 0, 4, 0, 0, 0, 0, 4
"h:\SoftDev\xFRA\xFRA\icon\bootstrap\calendar4-range.svg", "XML", 0, 0, 0, 0, 4, 0, 0, 0, 0, 4
"h:\SoftDev\xFRA\xFRA\icon\bootstrap\calendar4-week.svg", "XML", 0, 0, 0, 0, 4, 0, 0, 0, 0, 4
"h:\SoftDev\xFRA\xFRA\icon\bootstrap\calendar4.svg", "XML", 0, 0, 0, 0, 3, 0, 0, 0, 0, 3
"h:\SoftDev\xFRA\xFRA\icon\bootstrap\camera-fill.svg", "XML", 0, 0, 0, 0, 4, 0, 0, 0, 0, 4
"h:\SoftDev\xFRA\xFRA\icon\bootstrap\camera-reels-fill.svg", "XML", 0, 0, 0, 0, 5, 0, 0, 0, 0, 5
"h:\SoftDev\xFRA\xFRA\icon\bootstrap\camera-reels.svg", "XML", 0, 0, 0, 0, 5, 0, 0, 0, 0, 5
"h:\SoftDev\xFRA\xFRA\icon\bootstrap\camera-video-fill.svg", "XML", 0, 0, 0, 0, 3, 0, 0, 0, 0, 3
"h:\SoftDev\xFRA\xFRA\icon\bootstrap\camera-video-off-fill.svg", "XML", 0, 0, 0, 0, 3, 0, 0, 0, 0, 3
"h:\SoftDev\xFRA\xFRA\icon\bootstrap\camera-video-off.svg", "XML", 0, 0, 0, 0, 3, 0, 0, 0, 0, 3
"h:\SoftDev\xFRA\xFRA\icon\bootstrap\camera-video.svg", "XML", 0, 0, 0, 0, 3, 0, 0, 0, 0, 3
"h:\SoftDev\xFRA\xFRA\icon\bootstrap\camera.svg", "XML", 0, 0, 0, 0, 4, 0, 0, 0, 0, 4
"h:\SoftDev\xFRA\xFRA\icon\bootstrap\camera2.svg", "XML", 0, 0, 0, 0, 4, 0, 0, 0, 0, 4
"h:\SoftDev\xFRA\xFRA\icon\bootstrap\capslock-fill.svg", "XML", 0, 0, 0, 0, 3, 0, 0, 0, 0, 3
"h:\SoftDev\xFRA\xFRA\icon\bootstrap\capslock.svg", "XML", 0, 0, 0, 0, 3, 0, 0, 0, 0, 3
"h:\SoftDev\xFRA\xFRA\icon\bootstrap\capsule-pill.svg", "XML", 0, 0, 0, 0, 3, 0, 0, 0, 0, 3
"h:\SoftDev\xFRA\xFRA\icon\bootstrap\capsule.svg", "XML", 0, 0, 0, 0, 3, 0, 0, 0, 0, 3
"h:\SoftDev\xFRA\xFRA\icon\bootstrap\car-front-fill.svg", "XML", 0, 0, 0, 0, 3, 0, 0, 0, 0, 3
"h:\SoftDev\xFRA\xFRA\icon\bootstrap\car-front.svg", "XML", 0, 0, 0, 0, 4, 0, 0, 0, 0, 4
"h:\SoftDev\xFRA\xFRA\icon\bootstrap\card-checklist.svg", "XML", 0, 0, 0, 0, 4, 0, 0, 0, 0, 4
"h:\SoftDev\xFRA\xFRA\icon\bootstrap\card-heading.svg", "XML", 0, 0, 0, 0, 4, 0, 0, 0, 0, 4
"h:\SoftDev\xFRA\xFRA\icon\bootstrap\card-image.svg", "XML", 0, 0, 0, 0, 4, 0, 0, 0, 0, 4
"h:\SoftDev\xFRA\xFRA\icon\bootstrap\card-list.svg", "XML", 0, 0, 0, 0, 4, 0, 0, 0, 0, 4
"h:\SoftDev\xFRA\xFRA\icon\bootstrap\card-text.svg", "XML", 0, 0, 0, 0, 4, 0, 0, 0, 0, 4
"h:\SoftDev\xFRA\xFRA\icon\bootstrap\caret-down-fill.svg", "XML", 0, 0, 0, 0, 3, 0, 0, 0, 0, 3
"h:\SoftDev\xFRA\xFRA\icon\bootstrap\caret-down-square-fill.svg", "XML", 0, 0, 0, 0, 3, 0, 0, 0, 0, 3
"h:\SoftDev\xFRA\xFRA\icon\bootstrap\caret-down-square.svg", "XML", 0, 0, 0, 0, 4, 0, 0, 0, 0, 4
"h:\SoftDev\xFRA\xFRA\icon\bootstrap\caret-down.svg", "XML", 0, 0, 0, 0, 3, 0, 0, 0, 0, 3
"h:\SoftDev\xFRA\xFRA\icon\bootstrap\caret-left-fill.svg", "XML", 0, 0, 0, 0, 3, 0, 0, 0, 0, 3
"h:\SoftDev\xFRA\xFRA\icon\bootstrap\caret-left-square-fill.svg", "XML", 0, 0, 0, 0, 3, 0, 0, 0, 0, 3
"h:\SoftDev\xFRA\xFRA\icon\bootstrap\caret-left-square.svg", "XML", 0, 0, 0, 0, 4, 0, 0, 0, 0, 4
"h:\SoftDev\xFRA\xFRA\icon\bootstrap\caret-left.svg", "XML", 0, 0, 0, 0, 3, 0, 0, 0, 0, 3
"h:\SoftDev\xFRA\xFRA\icon\bootstrap\caret-right-fill.svg", "XML", 0, 0, 0, 0, 3, 0, 0, 0, 0, 3
"h:\SoftDev\xFRA\xFRA\icon\bootstrap\caret-right-square-fill.svg", "XML", 0, 0, 0, 0, 3, 0, 0, 0, 0, 3
"h:\SoftDev\xFRA\xFRA\icon\bootstrap\caret-right-square.svg", "XML", 0, 0, 0, 0, 4, 0, 0, 0, 0, 4
"h:\SoftDev\xFRA\xFRA\icon\bootstrap\caret-right.svg", "XML", 0, 0, 0, 0, 3, 0, 0, 0, 0, 3
"h:\SoftDev\xFRA\xFRA\icon\bootstrap\caret-up-fill.svg", "XML", 0, 0, 0, 0, 3, 0, 0, 0, 0, 3
"h:\SoftDev\xFRA\xFRA\icon\bootstrap\caret-up-square-fill.svg", "XML", 0, 0, 0, 0, 3, 0, 0, 0, 0, 3
"h:\SoftDev\xFRA\xFRA\icon\bootstrap\caret-up-square.svg", "XML", 0, 0, 0, 0, 4, 0, 0, 0, 0, 4
"h:\SoftDev\xFRA\xFRA\icon\bootstrap\caret-up.svg", "XML", 0, 0, 0, 0, 3, 0, 0, 0, 0, 3
"h:\SoftDev\xFRA\xFRA\icon\bootstrap\cart-check-fill.svg", "XML", 0, 0, 0, 0, 3, 0, 0, 0, 0, 3
"h:\SoftDev\xFRA\xFRA\icon\bootstrap\cart-check.svg", "XML", 0, 0, 0, 0, 4, 0, 0, 0, 0, 4
"h:\SoftDev\xFRA\xFRA\icon\bootstrap\cart-dash-fill.svg", "XML", 0, 0, 0, 0, 3, 0, 0, 0, 0, 3
"h:\SoftDev\xFRA\xFRA\icon\bootstrap\cart-dash.svg", "XML", 0, 0, 0, 0, 4, 0, 0, 0, 0, 4
"h:\SoftDev\xFRA\xFRA\icon\bootstrap\cart-fill.svg", "XML", 0, 0, 0, 0, 3, 0, 0, 0, 0, 3
"h:\SoftDev\xFRA\xFRA\icon\bootstrap\cart-plus-fill.svg", "XML", 0, 0, 0, 0, 3, 0, 0, 0, 0, 3
"h:\SoftDev\xFRA\xFRA\icon\bootstrap\cart-plus.svg", "XML", 0, 0, 0, 0, 4, 0, 0, 0, 0, 4
"h:\SoftDev\xFRA\xFRA\icon\bootstrap\cart-x-fill.svg", "XML", 0, 0, 0, 0, 3, 0, 0, 0, 0, 3
"h:\SoftDev\xFRA\xFRA\icon\bootstrap\cart-x.svg", "XML", 0, 0, 0, 0, 4, 0, 0, 0, 0, 4
"h:\SoftDev\xFRA\xFRA\icon\bootstrap\cart.svg", "XML", 0, 0, 0, 0, 3, 0, 0, 0, 0, 3
"h:\SoftDev\xFRA\xFRA\icon\bootstrap\cart2.svg", "XML", 0, 0, 0, 0, 3, 0, 0, 0, 0, 3
"h:\SoftDev\xFRA\xFRA\icon\bootstrap\cart3.svg", "XML", 0, 0, 0, 0, 3, 0, 0, 0, 0, 3
"h:\SoftDev\xFRA\xFRA\icon\bootstrap\cart4.svg", "XML", 0, 0, 0, 0, 3, 0, 0, 0, 0, 3
"h:\SoftDev\xFRA\xFRA\icon\bootstrap\cash-coin.svg", "XML", 0, 0, 0, 0, 6, 0, 0, 0, 0, 6
"h:\SoftDev\xFRA\xFRA\icon\bootstrap\cash-stack.svg", "XML", 0, 0, 0, 0, 4, 0, 0, 0, 0, 4
"h:\SoftDev\xFRA\xFRA\icon\bootstrap\cash.svg", "XML", 0, 0, 0, 0, 4, 0, 0, 0, 0, 4
"h:\SoftDev\xFRA\xFRA\icon\bootstrap\cassette-fill.svg", "XML", 0, 0, 0, 0, 4, 0, 0, 0, 0, 4
"h:\SoftDev\xFRA\xFRA\icon\bootstrap\cassette.svg", "XML", 0, 0, 0, 0, 4, 0, 0, 0, 0, 4
"h:\SoftDev\xFRA\xFRA\icon\bootstrap\cast.svg", "XML", 0, 0, 0, 0, 4, 0, 0, 0, 0, 4
"h:\SoftDev\xFRA\xFRA\icon\bootstrap\cc-circle-fill.svg", "XML", 0, 0, 0, 0, 3, 0, 0, 0, 0, 3
"h:\SoftDev\xFRA\xFRA\icon\bootstrap\cc-circle.svg", "XML", 0, 0, 0, 0, 3, 0, 0, 0, 0, 3
"h:\SoftDev\xFRA\xFRA\icon\bootstrap\cc-square-fill.svg", "XML", 0, 0, 0, 0, 3, 0, 0, 0, 0, 3
"h:\SoftDev\xFRA\xFRA\icon\bootstrap\cc-square.svg", "XML", 0, 0, 0, 0, 4, 0, 0, 0, 0, 4
"h:\SoftDev\xFRA\xFRA\icon\bootstrap\chat-dots-fill.svg", "XML", 0, 0, 0, 0, 3, 0, 0, 0, 0, 3
"h:\SoftDev\xFRA\xFRA\icon\bootstrap\chat-dots.svg", "XML", 0, 0, 0, 0, 4, 0, 0, 0, 0, 4
"h:\SoftDev\xFRA\xFRA\icon\bootstrap\chat-fill.svg", "XML", 0, 0, 0, 0, 3, 0, 0, 0, 0, 3
"h:\SoftDev\xFRA\xFRA\icon\bootstrap\chat-heart-fill.svg", "XML", 0, 0, 0, 0, 3, 0, 0, 0, 0, 3
"h:\SoftDev\xFRA\xFRA\icon\bootstrap\chat-heart.svg", "XML", 0, 0, 0, 0, 3, 0, 0, 0, 0, 3
"h:\SoftDev\xFRA\xFRA\icon\bootstrap\chat-left-dots-fill.svg", "XML", 0, 0, 0, 0, 3, 0, 0, 0, 0, 3
"h:\SoftDev\xFRA\xFRA\icon\bootstrap\chat-left-dots.svg", "XML", 0, 0, 0, 0, 4, 0, 0, 0, 0, 4
"h:\SoftDev\xFRA\xFRA\icon\bootstrap\chat-left-fill.svg", "XML", 0, 0, 0, 0, 3, 0, 0, 0, 0, 3
"h:\SoftDev\xFRA\xFRA\icon\bootstrap\chat-left-heart-fill.svg", "XML", 0, 0, 0, 0, 3, 0, 0, 0, 0, 3
"h:\SoftDev\xFRA\xFRA\icon\bootstrap\chat-left-heart.svg", "XML", 0, 0, 0, 0, 4, 0, 0, 0, 0, 4
"h:\SoftDev\xFRA\xFRA\icon\bootstrap\chat-left-quote-fill.svg", "XML", 0, 0, 0, 0, 3, 0, 0, 0, 0, 3
"h:\SoftDev\xFRA\xFRA\icon\bootstrap\chat-left-quote.svg", "XML", 0, 0, 0, 0, 4, 0, 0, 0, 0, 4
"h:\SoftDev\xFRA\xFRA\icon\bootstrap\chat-left-text-fill.svg", "XML", 0, 0, 0, 0, 3, 0, 0, 0, 0, 3
"h:\SoftDev\xFRA\xFRA\icon\bootstrap\chat-left-text.svg", "XML", 0, 0, 0, 0, 4, 0, 0, 0, 0, 4
"h:\SoftDev\xFRA\xFRA\icon\bootstrap\chat-left.svg", "XML", 0, 0, 0, 0, 3, 0, 0, 0, 0, 3
"h:\SoftDev\xFRA\xFRA\icon\bootstrap\chat-quote-fill.svg", "XML", 0, 0, 0, 0, 3, 0, 0, 0, 0, 3
"h:\SoftDev\xFRA\xFRA\icon\bootstrap\chat-quote.svg", "XML", 0, 0, 0, 0, 4, 0, 0, 0, 0, 4
"h:\SoftDev\xFRA\xFRA\icon\bootstrap\chat-right-dots-fill.svg", "XML", 0, 0, 0, 0, 3, 0, 0, 0, 0, 3
"h:\SoftDev\xFRA\xFRA\icon\bootstrap\chat-right-dots.svg", "XML", 0, 0, 0, 0, 4, 0, 0, 0, 0, 4
"h:\SoftDev\xFRA\xFRA\icon\bootstrap\chat-right-fill.svg", "XML", 0, 0, 0, 0, 3, 0, 0, 0, 0, 3
"h:\SoftDev\xFRA\xFRA\icon\bootstrap\chat-right-heart-fill.svg", "XML", 0, 0, 0, 0, 3, 0, 0, 0, 0, 3
"h:\SoftDev\xFRA\xFRA\icon\bootstrap\chat-right-heart.svg", "XML", 0, 0, 0, 0, 4, 0, 0, 0, 0, 4
"h:\SoftDev\xFRA\xFRA\icon\bootstrap\chat-right-quote-fill.svg", "XML", 0, 0, 0, 0, 3, 0, 0, 0, 0, 3
"h:\SoftDev\xFRA\xFRA\icon\bootstrap\chat-right-quote.svg", "XML", 0, 0, 0, 0, 4, 0, 0, 0, 0, 4
"h:\SoftDev\xFRA\xFRA\icon\bootstrap\chat-right-text-fill.svg", "XML", 0, 0, 0, 0, 3, 0, 0, 0, 0, 3
"h:\SoftDev\xFRA\xFRA\icon\bootstrap\chat-right-text.svg", "XML", 0, 0, 0, 0, 4, 0, 0, 0, 0, 4
"h:\SoftDev\xFRA\xFRA\icon\bootstrap\chat-right.svg", "XML", 0, 0, 0, 0, 3, 0, 0, 0, 0, 3
"h:\SoftDev\xFRA\xFRA\icon\bootstrap\chat-square-dots-fill.svg", "XML", 0, 0, 0, 0, 3, 0, 0, 0, 0, 3
"h:\SoftDev\xFRA\xFRA\icon\bootstrap\chat-square-dots.svg", "XML", 0, 0, 0, 0, 4, 0, 0, 0, 0, 4
"h:\SoftDev\xFRA\xFRA\icon\bootstrap\chat-square-fill.svg", "XML", 0, 0, 0, 0, 3, 0, 0, 0, 0, 3
"h:\SoftDev\xFRA\xFRA\icon\bootstrap\chat-square-heart-fill.svg", "XML", 0, 0, 0, 0, 3, 0, 0, 0, 0, 3
"h:\SoftDev\xFRA\xFRA\icon\bootstrap\chat-square-heart.svg", "XML", 0, 0, 0, 0, 4, 0, 0, 0, 0, 4
"h:\SoftDev\xFRA\xFRA\icon\bootstrap\chat-square-quote-fill.svg", "XML", 0, 0, 0, 0, 3, 0, 0, 0, 0, 3
"h:\SoftDev\xFRA\xFRA\icon\bootstrap\chat-square-quote.svg", "XML", 0, 0, 0, 0, 4, 0, 0, 0, 0, 4
"h:\SoftDev\xFRA\xFRA\icon\bootstrap\chat-square-text-fill.svg", "XML", 0, 0, 0, 0, 3, 0, 0, 0, 0, 3
"h:\SoftDev\xFRA\xFRA\icon\bootstrap\chat-square-text.svg", "XML", 0, 0, 0, 0, 4, 0, 0, 0, 0, 4
"h:\SoftDev\xFRA\xFRA\icon\bootstrap\chat-square.svg", "XML", 0, 0, 0, 0, 3, 0, 0, 0, 0, 3
"h:\SoftDev\xFRA\xFRA\icon\bootstrap\chat-text-fill.svg", "XML", 0, 0, 0, 0, 3, 0, 0, 0, 0, 3
"h:\SoftDev\xFRA\xFRA\icon\bootstrap\chat-text.svg", "XML", 0, 0, 0, 0, 4, 0, 0, 0, 0, 4
"h:\SoftDev\xFRA\xFRA\icon\bootstrap\chat.svg", "XML", 0, 0, 0, 0, 3, 0, 0, 0, 0, 3
"h:\SoftDev\xFRA\xFRA\icon\bootstrap\check-all.svg", "XML", 0, 0, 0, 0, 3, 0, 0, 0, 0, 3
"h:\SoftDev\xFRA\xFRA\icon\bootstrap\check-circle-fill.svg", "XML", 0, 0, 0, 0, 3, 0, 0, 0, 0, 3
"h:\SoftDev\xFRA\xFRA\icon\bootstrap\check-circle.svg", "XML", 0, 0, 0, 0, 4, 0, 0, 0, 0, 4
"h:\SoftDev\xFRA\xFRA\icon\bootstrap\check-lg.svg", "XML", 0, 0, 0, 0, 3, 0, 0, 0, 0, 3
"h:\SoftDev\xFRA\xFRA\icon\bootstrap\check-square-fill.svg", "XML", 0, 0, 0, 0, 3, 0, 0, 0, 0, 3
"h:\SoftDev\xFRA\xFRA\icon\bootstrap\check-square.svg", "XML", 0, 0, 0, 0, 4, 0, 0, 0, 0, 4
"h:\SoftDev\xFRA\xFRA\icon\bootstrap\check.svg", "XML", 0, 0, 0, 0, 3, 0, 0, 0, 0, 3
"h:\SoftDev\xFRA\xFRA\icon\bootstrap\check2-all.svg", "XML", 0, 0, 0, 0, 4, 0, 0, 0, 0, 4
"h:\SoftDev\xFRA\xFRA\icon\bootstrap\check2-circle.svg", "XML", 0, 0, 0, 0, 4, 0, 0, 0, 0, 4
"h:\SoftDev\xFRA\xFRA\icon\bootstrap\check2-square.svg", "XML", 0, 0, 0, 0, 4, 0, 0, 0, 0, 4
"h:\SoftDev\xFRA\xFRA\icon\bootstrap\check2.svg", "XML", 0, 0, 0, 0, 3, 0, 0, 0, 0, 3
"h:\SoftDev\xFRA\xFRA\icon\bootstrap\chevron-bar-contract.svg", "XML", 0, 0, 0, 0, 3, 0, 0, 0, 0, 3
"h:\SoftDev\xFRA\xFRA\icon\bootstrap\chevron-bar-down.svg", "XML", 0, 0, 0, 0, 3, 0, 0, 0, 0, 3
"h:\SoftDev\xFRA\xFRA\icon\bootstrap\chevron-bar-expand.svg", "XML", 0, 0, 0, 0, 3, 0, 0, 0, 0, 3
"h:\SoftDev\xFRA\xFRA\icon\bootstrap\chevron-bar-left.svg", "XML", 0, 0, 0, 0, 3, 0, 0, 0, 0, 3
"h:\SoftDev\xFRA\xFRA\icon\bootstrap\chevron-bar-right.svg", "XML", 0, 0, 0, 0, 3, 0, 0, 0, 0, 3
"h:\SoftDev\xFRA\xFRA\icon\bootstrap\chevron-bar-up.svg", "XML", 0, 0, 0, 0, 3, 0, 0, 0, 0, 3
"h:\SoftDev\xFRA\xFRA\icon\bootstrap\chevron-compact-down.svg", "XML", 0, 0, 0, 0, 3, 0, 0, 0, 0, 3
"h:\SoftDev\xFRA\xFRA\icon\bootstrap\chevron-compact-left.svg", "XML", 0, 0, 0, 0, 3, 0, 0, 0, 0, 3
"h:\SoftDev\xFRA\xFRA\icon\bootstrap\chevron-compact-right.svg", "XML", 0, 0, 0, 0, 3, 0, 0, 0, 0, 3
"h:\SoftDev\xFRA\xFRA\icon\bootstrap\chevron-compact-up.svg", "XML", 0, 0, 0, 0, 3, 0, 0, 0, 0, 3
"h:\SoftDev\xFRA\xFRA\icon\bootstrap\chevron-contract.svg", "XML", 0, 0, 0, 0, 3, 0, 0, 0, 0, 3
"h:\SoftDev\xFRA\xFRA\icon\bootstrap\chevron-double-down.svg", "XML", 0, 0, 0, 0, 4, 0, 0, 0, 0, 4
"h:\SoftDev\xFRA\xFRA\icon\bootstrap\chevron-double-left.svg", "XML", 0, 0, 0, 0, 4, 0, 0, 0, 0, 4
"h:\SoftDev\xFRA\xFRA\icon\bootstrap\chevron-double-right.svg", "XML", 0, 0, 0, 0, 4, 0, 0, 0, 0, 4
"h:\SoftDev\xFRA\xFRA\icon\bootstrap\chevron-double-up.svg", "XML", 0, 0, 0, 0, 4, 0, 0, 0, 0, 4
"h:\SoftDev\xFRA\xFRA\icon\bootstrap\chevron-down.svg", "XML", 0, 0, 0, 0, 3, 0, 0, 0, 0, 3
"h:\SoftDev\xFRA\xFRA\icon\bootstrap\chevron-expand.svg", "XML", 0, 0, 0, 0, 3, 0, 0, 0, 0, 3
"h:\SoftDev\xFRA\xFRA\icon\bootstrap\chevron-left.svg", "XML", 0, 0, 0, 0, 3, 0, 0, 0, 0, 3
"h:\SoftDev\xFRA\xFRA\icon\bootstrap\chevron-right.svg", "XML", 0, 0, 0, 0, 3, 0, 0, 0, 0, 3
"h:\SoftDev\xFRA\xFRA\icon\bootstrap\chevron-up.svg", "XML", 0, 0, 0, 0, 3, 0, 0, 0, 0, 3
"h:\SoftDev\xFRA\xFRA\icon\bootstrap\circle-fill.svg", "XML", 0, 0, 0, 0, 3, 0, 0, 0, 0, 3
"h:\SoftDev\xFRA\xFRA\icon\bootstrap\circle-half.svg", "XML", 0, 0, 0, 0, 3, 0, 0, 0, 0, 3
"h:\SoftDev\xFRA\xFRA\icon\bootstrap\circle-square.svg", "XML", 0, 0, 0, 0, 4, 0, 0, 0, 0, 4
"h:\SoftDev\xFRA\xFRA\icon\bootstrap\circle.svg", "XML", 0, 0, 0, 0, 3, 0, 0, 0, 0, 3
"h:\SoftDev\xFRA\xFRA\icon\bootstrap\claude.svg", "XML", 0, 0, 0, 0, 3, 0, 0, 0, 0, 3
"h:\SoftDev\xFRA\xFRA\icon\bootstrap\clipboard-check-fill.svg", "XML", 0, 0, 0, 0, 4, 0, 0, 0, 0, 4
"h:\SoftDev\xFRA\xFRA\icon\bootstrap\clipboard-check.svg", "XML", 0, 0, 0, 0, 5, 0, 0, 0, 0, 5
"h:\SoftDev\xFRA\xFRA\icon\bootstrap\clipboard-data-fill.svg", "XML", 0, 0, 0, 0, 4, 0, 0, 0, 0, 4
"h:\SoftDev\xFRA\xFRA\icon\bootstrap\clipboard-data.svg", "XML", 0, 0, 0, 0, 5, 0, 0, 0, 0, 5
"h:\SoftDev\xFRA\xFRA\icon\bootstrap\clipboard-fill.svg", "XML", 0, 0, 0, 0, 3, 0, 0, 0, 0, 3
"h:\SoftDev\xFRA\xFRA\icon\bootstrap\clipboard-heart-fill.svg", "XML", 0, 0, 0, 0, 4, 0, 0, 0, 0, 4
"h:\SoftDev\xFRA\xFRA\icon\bootstrap\clipboard-heart.svg", "XML", 0, 0, 0, 0, 5, 0, 0, 0, 0, 5
"h:\SoftDev\xFRA\xFRA\icon\bootstrap\clipboard-minus-fill.svg", "XML", 0, 0, 0, 0, 4, 0, 0, 0, 0, 4
"h:\SoftDev\xFRA\xFRA\icon\bootstrap\clipboard-minus.svg", "XML", 0, 0, 0, 0, 5, 0, 0, 0, 0, 5
"h:\SoftDev\xFRA\xFRA\icon\bootstrap\clipboard-plus-fill.svg", "XML", 0, 0, 0, 0, 4, 0, 0, 0, 0, 4
"h:\SoftDev\xFRA\xFRA\icon\bootstrap\clipboard-plus.svg", "XML", 0, 0, 0, 0, 5, 0, 0, 0, 0, 5
"h:\SoftDev\xFRA\xFRA\icon\bootstrap\clipboard-pulse.svg", "XML", 0, 0, 0, 0, 3, 0, 0, 0, 0, 3
"h:\SoftDev\xFRA\xFRA\icon\bootstrap\clipboard-x-fill.svg", "XML", 0, 0, 0, 0, 4, 0, 0, 0, 0, 4
"h:\SoftDev\xFRA\xFRA\icon\bootstrap\clipboard-x.svg", "XML", 0, 0, 0, 0, 5, 0, 0, 0, 0, 5
"h:\SoftDev\xFRA\xFRA\icon\bootstrap\clipboard.svg", "XML", 0, 0, 0, 0, 4, 0, 0, 0, 0, 4
"h:\SoftDev\xFRA\xFRA\icon\bootstrap\clipboard2-check-fill.svg", "XML", 0, 0, 0, 0, 4, 0, 0, 0, 0, 4
"h:\SoftDev\xFRA\xFRA\icon\bootstrap\clipboard2-check.svg", "XML", 0, 0, 0, 0, 5, 0, 0, 0, 0, 5
"h:\SoftDev\xFRA\xFRA\icon\bootstrap\clipboard2-data-fill.svg", "XML", 0, 0, 0, 0, 4, 0, 0, 0, 0, 4
"h:\SoftDev\xFRA\xFRA\icon\bootstrap\clipboard2-data.svg", "XML", 0, 0, 0, 0, 5, 0, 0, 0, 0, 5
"h:\SoftDev\xFRA\xFRA\icon\bootstrap\clipboard2-fill.svg", "XML", 0, 0, 0, 0, 4, 0, 0, 0, 0, 4
"h:\SoftDev\xFRA\xFRA\icon\bootstrap\clipboard2-heart-fill.svg", "XML", 0, 0, 0, 0, 4, 0, 0, 0, 0, 4
"h:\SoftDev\xFRA\xFRA\icon\bootstrap\clipboard2-heart.svg", "XML", 0, 0, 0, 0, 5, 0, 0, 0, 0, 5
"h:\SoftDev\xFRA\xFRA\icon\bootstrap\clipboard2-minus-fill.svg", "XML", 0, 0, 0, 0, 4, 0, 0, 0, 0, 4
"h:\SoftDev\xFRA\xFRA\icon\bootstrap\clipboard2-minus.svg", "XML", 0, 0, 0, 0, 5, 0, 0, 0, 0, 5
"h:\SoftDev\xFRA\xFRA\icon\bootstrap\clipboard2-plus-fill.svg", "XML", 0, 0, 0, 0, 4, 0, 0, 0, 0, 4
"h:\SoftDev\xFRA\xFRA\icon\bootstrap\clipboard2-plus.svg", "XML", 0, 0, 0, 0, 5, 0, 0, 0, 0, 5
"h:\SoftDev\xFRA\xFRA\icon\bootstrap\clipboard2-pulse-fill.svg", "XML", 0, 0, 0, 0, 4, 0, 0, 0, 0, 4
"h:\SoftDev\xFRA\xFRA\icon\bootstrap\clipboard2-pulse.svg", "XML", 0, 0, 0, 0, 5, 0, 0, 0, 0, 5
"h:\SoftDev\xFRA\xFRA\icon\bootstrap\clipboard2-x-fill.svg", "XML", 0, 0, 0, 0, 4, 0, 0, 0, 0, 4
"h:\SoftDev\xFRA\xFRA\icon\bootstrap\clipboard2-x.svg", "XML", 0, 0, 0, 0, 5, 0, 0, 0, 0, 5
"h:\SoftDev\xFRA\xFRA\icon\bootstrap\clipboard2.svg", "XML", 0, 0, 0, 0, 4, 0, 0, 0, 0, 4
"h:\SoftDev\xFRA\xFRA\icon\bootstrap\clock-fill.svg", "XML", 0, 0, 0, 0, 3, 0, 0, 0, 0, 3
"h:\SoftDev\xFRA\xFRA\icon\bootstrap\clock-history.svg", "XML", 0, 0, 0, 0, 5, 0, 0, 0, 0, 5
"h:\SoftDev\xFRA\xFRA\icon\bootstrap\clock.svg", "XML", 0, 0, 0, 0, 4, 0, 0, 0, 0, 4
"h:\SoftDev\xFRA\xFRA\icon\bootstrap\cloud-arrow-down-fill.svg", "XML", 0, 0, 0, 0, 3, 0, 0, 0, 0, 3
"h:\SoftDev\xFRA\xFRA\icon\bootstrap\cloud-arrow-down.svg", "XML", 0, 0, 0, 0, 4, 0, 0, 0, 0, 4
"h:\SoftDev\xFRA\xFRA\icon\bootstrap\cloud-arrow-up-fill.svg", "XML", 0, 0, 0, 0, 3, 0, 0, 0, 0, 3
"h:\SoftDev\xFRA\xFRA\icon\bootstrap\cloud-arrow-up.svg", "XML", 0, 0, 0, 0, 4, 0, 0, 0, 0, 4
"h:\SoftDev\xFRA\xFRA\icon\bootstrap\cloud-check-fill.svg", "XML", 0, 0, 0, 0, 3, 0, 0, 0, 0, 3
"h:\SoftDev\xFRA\xFRA\icon\bootstrap\cloud-check.svg", "XML", 0, 0, 0, 0, 4, 0, 0, 0, 0, 4
"h:\SoftDev\xFRA\xFRA\icon\bootstrap\cloud-download-fill.svg", "XML", 0, 0, 0, 0, 3, 0, 0, 0, 0, 3
"h:\SoftDev\xFRA\xFRA\icon\bootstrap\cloud-download.svg", "XML", 0, 0, 0, 0, 4, 0, 0, 0, 0, 4
"h:\SoftDev\xFRA\xFRA\icon\bootstrap\cloud-drizzle-fill.svg", "XML", 0, 0, 0, 0, 3, 0, 0, 0, 0, 3
"h:\SoftDev\xFRA\xFRA\icon\bootstrap\cloud-drizzle.svg", "XML", 0, 0, 0, 0, 3, 0, 0, 0, 0, 3
"h:\SoftDev\xFRA\xFRA\icon\bootstrap\cloud-fill.svg", "XML", 0, 0, 0, 0, 3, 0, 0, 0, 0, 3
"h:\SoftDev\xFRA\xFRA\icon\bootstrap\cloud-fog-fill.svg", "XML", 0, 0, 0, 0, 3, 0, 0, 0, 0, 3
"h:\SoftDev\xFRA\xFRA\icon\bootstrap\cloud-fog.svg", "XML", 0, 0, 0, 0, 3, 0, 0, 0, 0, 3
"h:\SoftDev\xFRA\xFRA\icon\bootstrap\cloud-fog2-fill.svg", "XML", 0, 0, 0, 0, 3, 0, 0, 0, 0, 3
"h:\SoftDev\xFRA\xFRA\icon\bootstrap\cloud-fog2.svg", "XML", 0, 0, 0, 0, 3, 0, 0, 0, 0, 3
"h:\SoftDev\xFRA\xFRA\icon\bootstrap\cloud-hail-fill.svg", "XML", 0, 0, 0, 0, 3, 0, 0, 0, 0, 3
"h:\SoftDev\xFRA\xFRA\icon\bootstrap\cloud-hail.svg", "XML", 0, 0, 0, 0, 3, 0, 0, 0, 0, 3
"h:\SoftDev\xFRA\xFRA\icon\bootstrap\cloud-haze-fill.svg", "XML", 0, 0, 0, 0, 3, 0, 0, 0, 0, 3
"h:\SoftDev\xFRA\xFRA\icon\bootstrap\cloud-haze.svg", "XML", 0, 0, 0, 0, 3, 0, 0, 0, 0, 3
"h:\SoftDev\xFRA\xFRA\icon\bootstrap\cloud-haze2-fill.svg", "XML", 0, 0, 0, 0, 3, 0, 0, 0, 0, 3
"h:\SoftDev\xFRA\xFRA\icon\bootstrap\cloud-haze2.svg", "XML", 0, 0, 0, 0, 3, 0, 0, 0, 0, 3
"h:\SoftDev\xFRA\xFRA\icon\bootstrap\cloud-lightning-fill.svg", "XML", 0, 0, 0, 0, 3, 0, 0, 0, 0, 3
"h:\SoftDev\xFRA\xFRA\icon\bootstrap\cloud-lightning-rain-fill.svg", "XML", 0, 0, 0, 0, 3, 0, 0, 0, 0, 3
"h:\SoftDev\xFRA\xFRA\icon\bootstrap\cloud-lightning-rain.svg", "XML", 0, 0, 0, 0, 3, 0, 0, 0, 0, 3
"h:\SoftDev\xFRA\xFRA\icon\bootstrap\cloud-lightning.svg", "XML", 0, 0, 0, 0, 3, 0, 0, 0, 0, 3
"h:\SoftDev\xFRA\xFRA\icon\bootstrap\cloud-minus-fill.svg", "XML", 0, 0, 0, 0, 3, 0, 0, 0, 0, 3
"h:\SoftDev\xFRA\xFRA\icon\bootstrap\cloud-minus.svg", "XML", 0, 0, 0, 0, 4, 0, 0, 0, 0, 4
"h:\SoftDev\xFRA\xFRA\icon\bootstrap\cloud-moon-fill.svg", "XML", 0, 0, 0, 0, 4, 0, 0, 0, 0, 4
"h:\SoftDev\xFRA\xFRA\icon\bootstrap\cloud-moon.svg", "XML", 0, 0, 0, 0, 4, 0, 0, 0, 0, 4
"h:\SoftDev\xFRA\xFRA\icon\bootstrap\cloud-plus-fill.svg", "XML", 0, 0, 0, 0, 3, 0, 0, 0, 0, 3
"h:\SoftDev\xFRA\xFRA\icon\bootstrap\cloud-plus.svg", "XML", 0, 0, 0, 0, 4, 0, 0, 0, 0, 4
"h:\SoftDev\xFRA\xFRA\icon\bootstrap\cloud-rain-fill.svg", "XML", 0, 0, 0, 0, 3, 0, 0, 0, 0, 3
"h:\SoftDev\xFRA\xFRA\icon\bootstrap\cloud-rain-heavy-fill.svg", "XML", 0, 0, 0, 0, 3, 0, 0, 0, 0, 3
"h:\SoftDev\xFRA\xFRA\icon\bootstrap\cloud-rain-heavy.svg", "XML", 0, 0, 0, 0, 3, 0, 0, 0, 0, 3
"h:\SoftDev\xFRA\xFRA\icon\bootstrap\cloud-rain.svg", "XML", 0, 0, 0, 0, 3, 0, 0, 0, 0, 3
"h:\SoftDev\xFRA\xFRA\icon\bootstrap\cloud-slash-fill.svg", "XML", 0, 0, 0, 0, 3, 0, 0, 0, 0, 3
"h:\SoftDev\xFRA\xFRA\icon\bootstrap\cloud-slash.svg", "XML", 0, 0, 0, 0, 4, 0, 0, 0, 0, 4
"h:\SoftDev\xFRA\xFRA\icon\bootstrap\cloud-sleet-fill.svg", "XML", 0, 0, 0, 0, 3, 0, 0, 0, 0, 3
"h:\SoftDev\xFRA\xFRA\icon\bootstrap\cloud-sleet.svg", "XML", 0, 0, 0, 0, 3, 0, 0, 0, 0, 3
"h:\SoftDev\xFRA\xFRA\icon\bootstrap\cloud-snow-fill.svg", "XML", 0, 0, 0, 0, 3, 0, 0, 0, 0, 3
"h:\SoftDev\xFRA\xFRA\icon\bootstrap\cloud-snow.svg", "XML", 0, 0, 0, 0, 3, 0, 0, 0, 0, 3
"h:\SoftDev\xFRA\xFRA\icon\bootstrap\cloud-sun-fill.svg", "XML", 0, 0, 0, 0, 4, 0, 0, 0, 0, 4
"h:\SoftDev\xFRA\xFRA\icon\bootstrap\cloud-sun.svg", "XML", 0, 0, 0, 0, 4, 0, 0, 0, 0, 4
"h:\SoftDev\xFRA\xFRA\icon\bootstrap\cloud-upload-fill.svg", "XML", 0, 0, 0, 0, 3, 0, 0, 0, 0, 3
"h:\SoftDev\xFRA\xFRA\icon\bootstrap\cloud-upload.svg", "XML", 0, 0, 0, 0, 4, 0, 0, 0, 0, 4
"h:\SoftDev\xFRA\xFRA\icon\bootstrap\cloud.svg", "XML", 0, 0, 0, 0, 3, 0, 0, 0, 0, 3
"h:\SoftDev\xFRA\xFRA\icon\bootstrap\clouds-fill.svg", "XML", 0, 0, 0, 0, 4, 0, 0, 0, 0, 4
"h:\SoftDev\xFRA\xFRA\icon\bootstrap\clouds.svg", "XML", 0, 0, 0, 0, 4, 0, 0, 0, 0, 4
"h:\SoftDev\xFRA\xFRA\icon\bootstrap\cloudy-fill.svg", "XML", 0, 0, 0, 0, 3, 0, 0, 0, 0, 3
"h:\SoftDev\xFRA\xFRA\icon\bootstrap\cloudy.svg", "XML", 0, 0, 0, 0, 3, 0, 0, 0, 0, 3
"h:\SoftDev\xFRA\xFRA\icon\bootstrap\code-slash.svg", "XML", 0, 0, 0, 0, 3, 0, 0, 0, 0, 3
"h:\SoftDev\xFRA\xFRA\icon\bootstrap\code-square.svg", "XML", 0, 0, 0, 0, 4, 0, 0, 0, 0, 4
"h:\SoftDev\xFRA\xFRA\icon\bootstrap\code.svg", "XML", 0, 0, 0, 0, 3, 0, 0, 0, 0, 3
"h:\SoftDev\xFRA\xFRA\icon\bootstrap\coin.svg", "XML", 0, 0, 0, 0, 5, 0, 0, 0, 0, 5
"h:\SoftDev\xFRA\xFRA\icon\bootstrap\collection-fill.svg", "XML", 0, 0, 0, 0, 3, 0, 0, 0, 0, 3
"h:\SoftDev\xFRA\xFRA\icon\bootstrap\collection-play-fill.svg", "XML", 0, 0, 0, 0, 3, 0, 0, 0, 0, 3
"h:\SoftDev\xFRA\xFRA\icon\bootstrap\collection-play.svg", "XML", 0, 0, 0, 0, 4, 0, 0, 0, 0, 4
"h:\SoftDev\xFRA\xFRA\icon\bootstrap\collection.svg", "XML", 0, 0, 0, 0, 3, 0, 0, 0, 0, 3
"h:\SoftDev\xFRA\xFRA\icon\bootstrap\columns-gap.svg", "XML", 0, 0, 0, 0, 3, 0, 0, 0, 0, 3
"h:\SoftDev\xFRA\xFRA\icon\bootstrap\columns.svg", "XML", 0, 0, 0, 0, 3, 0, 0, 0, 0, 3
"h:\SoftDev\xFRA\xFRA\icon\bootstrap\command.svg", "XML", 0, 0, 0, 0, 3, 0, 0, 0, 0, 3
"h:\SoftDev\xFRA\xFRA\icon\bootstrap\compass-fill.svg", "XML", 0, 0, 0, 0, 3, 0, 0, 0, 0, 3
"h:\SoftDev\xFRA\xFRA\icon\bootstrap\compass.svg", "XML", 0, 0, 0, 0, 4, 0, 0, 0, 0, 4
"h:\SoftDev\xFRA\xFRA\icon\bootstrap\cone-striped.svg", "XML", 0, 0, 0, 0, 3, 0, 0, 0, 0, 3
"h:\SoftDev\xFRA\xFRA\icon\bootstrap\cone.svg", "XML", 0, 0, 0, 0, 3, 0, 0, 0, 0, 3
"h:\SoftDev\xFRA\xFRA\icon\bootstrap\controller.svg", "XML", 0, 0, 0, 0, 4, 0, 0, 0, 0, 4
"h:\SoftDev\xFRA\xFRA\icon\bootstrap\cookie.svg", "XML", 0, 0, 0, 0, 4, 0, 0, 0, 0, 4
"h:\SoftDev\xFRA\xFRA\icon\bootstrap\copy.svg", "XML", 0, 0, 0, 0, 3, 0, 0, 0, 0, 3
"h:\SoftDev\xFRA\xFRA\icon\bootstrap\cpu-fill.svg", "XML", 0, 0, 0, 0, 4, 0, 0, 0, 0, 4
"h:\SoftDev\xFRA\xFRA\icon\bootstrap\cpu.svg", "XML", 0, 0, 0, 0, 3, 0, 0, 0, 0, 3
"h:\SoftDev\xFRA\xFRA\icon\bootstrap\credit-card-2-back-fill.svg", "XML", 0, 0, 0, 0, 3, 0, 0, 0, 0, 3
"h:\SoftDev\xFRA\xFRA\icon\bootstrap\credit-card-2-back.svg", "XML", 0, 0, 0, 0, 4, 0, 0, 0, 0, 4
"h:\SoftDev\xFRA\xFRA\icon\bootstrap\credit-card-2-front-fill.svg", "XML", 0, 0, 0, 0, 3, 0, 0, 0, 0, 3
"h:\SoftDev\xFRA\xFRA\icon\bootstrap\credit-card-2-front.svg", "XML", 0, 0, 0, 0, 4, 0, 0, 0, 0, 4
"h:\SoftDev\xFRA\xFRA\icon\bootstrap\credit-card-fill.svg", "XML", 0, 0, 0, 0, 3, 0, 0, 0, 0, 3
"h:\SoftDev\xFRA\xFRA\icon\bootstrap\credit-card.svg", "XML", 0, 0, 0, 0, 4, 0, 0, 0, 0, 4
"h:\SoftDev\xFRA\xFRA\icon\bootstrap\crop.svg", "XML", 0, 0, 0, 0, 3, 0, 0, 0, 0, 3
"h:\SoftDev\xFRA\xFRA\icon\bootstrap\crosshair.svg", "XML", 0, 0, 0, 0, 3, 0, 0, 0, 0, 3
"h:\SoftDev\xFRA\xFRA\icon\bootstrap\crosshair2.svg", "XML", 0, 0, 0, 0, 3, 0, 0, 0, 0, 3
"h:\SoftDev\xFRA\xFRA\icon\bootstrap\css.svg", "XML", 0, 0, 0, 0, 3, 0, 0, 0, 0, 3
"h:\SoftDev\xFRA\xFRA\icon\bootstrap\cup-fill.svg", "XML", 0, 0, 0, 0, 3, 0, 0, 0, 0, 3
"h:\SoftDev\xFRA\xFRA\icon\bootstrap\cup-hot-fill.svg", "XML", 0, 0, 0, 0, 4, 0, 0, 0, 0, 4
"h:\SoftDev\xFRA\xFRA\icon\bootstrap\cup-hot.svg", "XML", 0, 0, 0, 0, 4, 0, 0, 0, 0, 4
"h:\SoftDev\xFRA\xFRA\icon\bootstrap\cup-straw.svg", "XML", 0, 0, 0, 0, 3, 0, 0, 0, 0, 3
"h:\SoftDev\xFRA\xFRA\icon\bootstrap\cup.svg", "XML", 0, 0, 0, 0, 3, 0, 0, 0, 0, 3
"h:\SoftDev\xFRA\xFRA\icon\bootstrap\currency-bitcoin.svg", "XML", 0, 0, 0, 0, 3, 0, 0, 0, 0, 3
"h:\SoftDev\xFRA\xFRA\icon\bootstrap\currency-dollar.svg", "XML", 0, 0, 0, 0, 3, 0, 0, 0, 0, 3
"h:\SoftDev\xFRA\xFRA\icon\bootstrap\currency-euro.svg", "XML", 0, 0, 0, 0, 3, 0, 0, 0, 0, 3
"h:\SoftDev\xFRA\xFRA\icon\bootstrap\currency-exchange.svg", "XML", 0, 0, 0, 0, 3, 0, 0, 0, 0, 3
"h:\SoftDev\xFRA\xFRA\icon\bootstrap\currency-pound.svg", "XML", 0, 0, 0, 0, 3, 0, 0, 0, 0, 3
"h:\SoftDev\xFRA\xFRA\icon\bootstrap\currency-rupee.svg", "XML", 0, 0, 0, 0, 3, 0, 0, 0, 0, 3
"h:\SoftDev\xFRA\xFRA\icon\bootstrap\currency-yen.svg", "XML", 0, 0, 0, 0, 3, 0, 0, 0, 0, 3
"h:\SoftDev\xFRA\xFRA\icon\bootstrap\cursor-fill.svg", "XML", 0, 0, 0, 0, 3, 0, 0, 0, 0, 3
"h:\SoftDev\xFRA\xFRA\icon\bootstrap\cursor-text.svg", "XML", 0, 0, 0, 0, 3, 0, 0, 0, 0, 3
"h:\SoftDev\xFRA\xFRA\icon\bootstrap\cursor.svg", "XML", 0, 0, 0, 0, 3, 0, 0, 0, 0, 3
"h:\SoftDev\xFRA\xFRA\icon\bootstrap\dash-circle-dotted.svg", "XML", 0, 0, 0, 0, 3, 0, 0, 0, 0, 3
"h:\SoftDev\xFRA\xFRA\icon\bootstrap\dash-circle-fill.svg", "XML", 0, 0, 0, 0, 3, 0, 0, 0, 0, 3
"h:\SoftDev\xFRA\xFRA\icon\bootstrap\dash-circle.svg", "XML", 0, 0, 0, 0, 4, 0, 0, 0, 0, 4
"h:\SoftDev\xFRA\xFRA\icon\bootstrap\dash-lg.svg", "XML", 0, 0, 0, 0, 3, 0, 0, 0, 0, 3
"h:\SoftDev\xFRA\xFRA\icon\bootstrap\dash-square-dotted.svg", "XML", 0, 0, 0, 0, 3, 0, 0, 0, 0, 3
"h:\SoftDev\xFRA\xFRA\icon\bootstrap\dash-square-fill.svg", "XML", 0, 0, 0, 0, 3, 0, 0, 0, 0, 3
"h:\SoftDev\xFRA\xFRA\icon\bootstrap\dash-square.svg", "XML", 0, 0, 0, 0, 4, 0, 0, 0, 0, 4
"h:\SoftDev\xFRA\xFRA\icon\bootstrap\dash.svg", "XML", 0, 0, 0, 0, 3, 0, 0, 0, 0, 3
"h:\SoftDev\xFRA\xFRA\icon\bootstrap\database-add.svg", "XML", 0, 0, 0, 0, 4, 0, 0, 0, 0, 4
"h:\SoftDev\xFRA\xFRA\icon\bootstrap\database-check.svg", "XML", 0, 0, 0, 0, 4, 0, 0, 0, 0, 4
"h:\SoftDev\xFRA\xFRA\icon\bootstrap\database-dash.svg", "XML", 0, 0, 0, 0, 4, 0, 0, 0, 0, 4
"h:\SoftDev\xFRA\xFRA\icon\bootstrap\database-down.svg", "XML", 0, 0, 0, 0, 4, 0, 0, 0, 0, 4
"h:\SoftDev\xFRA\xFRA\icon\bootstrap\database-exclamation.svg", "XML", 0, 0, 0, 0, 4, 0, 0, 0, 0, 4
"h:\SoftDev\xFRA\xFRA\icon\bootstrap\database-fill-add.svg", "XML", 0, 0, 0, 0, 4, 0, 0, 0, 0, 4
"h:\SoftDev\xFRA\xFRA\icon\bootstrap\database-fill-check.svg", "XML", 0, 0, 0, 0, 4, 0, 0, 0, 0, 4
"h:\SoftDev\xFRA\xFRA\icon\bootstrap\database-fill-dash.svg", "XML", 0, 0, 0, 0, 4, 0, 0, 0, 0, 4
"h:\SoftDev\xFRA\xFRA\icon\bootstrap\database-fill-down.svg", "XML", 0, 0, 0, 0, 4, 0, 0, 0, 0, 4
"h:\SoftDev\xFRA\xFRA\icon\bootstrap\database-fill-exclamation.svg", "XML", 0, 0, 0, 0, 5, 0, 0, 0, 0, 5
"h:\SoftDev\xFRA\xFRA\icon\bootstrap\database-fill-gear.svg", "XML", 0, 0, 0, 0, 4, 0, 0, 0, 0, 4
"h:\SoftDev\xFRA\xFRA\icon\bootstrap\database-fill-lock.svg", "XML", 0, 0, 0, 0, 5, 0, 0, 0, 0, 5
"h:\SoftDev\xFRA\xFRA\icon\bootstrap\database-fill-slash.svg", "XML", 0, 0, 0, 0, 4, 0, 0, 0, 0, 4
"h:\SoftDev\xFRA\xFRA\icon\bootstrap\database-fill-up.svg", "XML", 0, 0, 0, 0, 4, 0, 0, 0, 0, 4
"h:\SoftDev\xFRA\xFRA\icon\bootstrap\database-fill-x.svg", "XML", 0, 0, 0, 0, 5, 0, 0, 0, 0, 5
"h:\SoftDev\xFRA\xFRA\icon\bootstrap\database-fill.svg", "XML", 0, 0, 0, 0, 6, 0, 0, 0, 0, 6
"h:\SoftDev\xFRA\xFRA\icon\bootstrap\database-gear.svg", "XML", 0, 0, 0, 0, 4, 0, 0, 0, 0, 4
"h:\SoftDev\xFRA\xFRA\icon\bootstrap\database-lock.svg", "XML", 0, 0, 0, 0, 4, 0, 0, 0, 0, 4
"h:\SoftDev\xFRA\xFRA\icon\bootstrap\database-slash.svg", "XML", 0, 0, 0, 0, 4, 0, 0, 0, 0, 4
"h:\SoftDev\xFRA\xFRA\icon\bootstrap\database-up.svg", "XML", 0, 0, 0, 0, 4, 0, 0, 0, 0, 4
"h:\SoftDev\xFRA\xFRA\icon\bootstrap\database-x.svg", "XML", 0, 0, 0, 0, 4, 0, 0, 0, 0, 4
"h:\SoftDev\xFRA\xFRA\icon\bootstrap\database.svg", "XML", 0, 0, 0, 0, 3, 0, 0, 0, 0, 3
"h:\SoftDev\xFRA\xFRA\icon\bootstrap\device-hdd-fill.svg", "XML", 0, 0, 0, 0, 4, 0, 0, 0, 0, 4
"h:\SoftDev\xFRA\xFRA\icon\bootstrap\device-hdd.svg", "XML", 0, 0, 0, 0, 5, 0, 0, 0, 0, 5
"h:\SoftDev\xFRA\xFRA\icon\bootstrap\device-ssd-fill.svg", "XML", 0, 0, 0, 0, 4, 0, 0, 0, 0, 4
"h:\SoftDev\xFRA\xFRA\icon\bootstrap\device-ssd.svg", "XML", 0, 0, 0, 0, 4, 0, 0, 0, 0, 4
"h:\SoftDev\xFRA\xFRA\icon\bootstrap\diagram-2-fill.svg", "XML", 0, 0, 0, 0, 3, 0, 0, 0, 0, 3
"h:\SoftDev\xFRA\xFRA\icon\bootstrap\diagram-2.svg", "XML", 0, 0, 0, 0, 3, 0, 0, 0, 0, 3
"h:\SoftDev\xFRA\xFRA\icon\bootstrap\diagram-3-fill.svg", "XML", 0, 0, 0, 0, 3, 0, 0, 0, 0, 3
"h:\SoftDev\xFRA\xFRA\icon\bootstrap\diagram-3.svg", "XML", 0, 0, 0, 0, 3, 0, 0, 0, 0, 3
"h:\SoftDev\xFRA\xFRA\icon\bootstrap\diamond-fill.svg", "XML", 0, 0, 0, 0, 3, 0, 0, 0, 0, 3
"h:\SoftDev\xFRA\xFRA\icon\bootstrap\diamond-half.svg", "XML", 0, 0, 0, 0, 3, 0, 0, 0, 0, 3
"h:\SoftDev\xFRA\xFRA\icon\bootstrap\diamond.svg", "XML", 0, 0, 0, 0, 3, 0, 0, 0, 0, 3
"h:\SoftDev\xFRA\xFRA\icon\bootstrap\dice-1-fill.svg", "XML", 0, 0, 0, 0, 3, 0, 0, 0, 0, 3
"h:\SoftDev\xFRA\xFRA\icon\bootstrap\dice-1.svg", "XML", 0, 0, 0, 0, 4, 0, 0, 0, 0, 4
"h:\SoftDev\xFRA\xFRA\icon\bootstrap\dice-2-fill.svg", "XML", 0, 0, 0, 0, 3, 0, 0, 0, 0, 3
"h:\SoftDev\xFRA\xFRA\icon\bootstrap\dice-2.svg", "XML", 0, 0, 0, 0, 4, 0, 0, 0, 0, 4
"h:\SoftDev\xFRA\xFRA\icon\bootstrap\dice-3-fill.svg", "XML", 0, 0, 0, 0, 3, 0, 0, 0, 0, 3
"h:\SoftDev\xFRA\xFRA\icon\bootstrap\dice-3.svg", "XML", 0, 0, 0, 0, 4, 0, 0, 0, 0, 4
"h:\SoftDev\xFRA\xFRA\icon\bootstrap\dice-4-fill.svg", "XML", 0, 0, 0, 0, 3, 0, 0, 0, 0, 3
"h:\SoftDev\xFRA\xFRA\icon\bootstrap\dice-4.svg", "XML", 0, 0, 0, 0, 4, 0, 0, 0, 0, 4
"h:\SoftDev\xFRA\xFRA\icon\bootstrap\dice-5-fill.svg", "XML", 0, 0, 0, 0, 3, 0, 0, 0, 0, 3
"h:\SoftDev\xFRA\xFRA\icon\bootstrap\dice-5.svg", "XML", 0, 0, 0, 0, 4, 0, 0, 0, 0, 4
"h:\SoftDev\xFRA\xFRA\icon\bootstrap\dice-6-fill.svg", "XML", 0, 0, 0, 0, 3, 0, 0, 0, 0, 3
"h:\SoftDev\xFRA\xFRA\icon\bootstrap\dice-6.svg", "XML", 0, 0, 0, 0, 4, 0, 0, 0, 0, 4
"h:\SoftDev\xFRA\xFRA\icon\bootstrap\disc-fill.svg", "XML", 0, 0, 0, 0, 3, 0, 0, 0, 0, 3
"h:\SoftDev\xFRA\xFRA\icon\bootstrap\disc.svg", "XML", 0, 0, 0, 0, 4, 0, 0, 0, 0, 4
"h:\SoftDev\xFRA\xFRA\icon\bootstrap\discord.svg", "XML", 0, 0, 0, 0, 3, 0, 0, 0, 0, 3
"h:\SoftDev\xFRA\xFRA\icon\bootstrap\display-fill.svg", "XML", 0, 0, 0, 0, 3, 0, 0, 0, 0, 3
"h:\SoftDev\xFRA\xFRA\icon\bootstrap\display.svg", "XML", 0, 0, 0, 0, 3, 0, 0, 0, 0, 3
"h:\SoftDev\xFRA\xFRA\icon\bootstrap\displayport-fill.svg", "XML", 0, 0, 0, 0, 3, 0, 0, 0, 0, 3
"h:\SoftDev\xFRA\xFRA\icon\bootstrap\displayport.svg", "XML", 0, 0, 0, 0, 4, 0, 0, 0, 0, 4
"h:\SoftDev\xFRA\xFRA\icon\bootstrap\distribute-horizontal.svg", "XML", 0, 0, 0, 0, 4, 0, 0, 0, 0, 4
"h:\SoftDev\xFRA\xFRA\icon\bootstrap\distribute-vertical.svg", "XML", 0, 0, 0, 0, 4, 0, 0, 0, 0, 4
"h:\SoftDev\xFRA\xFRA\icon\bootstrap\door-closed-fill.svg", "XML", 0, 0, 0, 0, 3, 0, 0, 0, 0, 3
"h:\SoftDev\xFRA\xFRA\icon\bootstrap\door-closed.svg", "XML", 0, 0, 0, 0, 4, 0, 0, 0, 0, 4
"h:\SoftDev\xFRA\xFRA\icon\bootstrap\door-open-fill.svg", "XML", 0, 0, 0, 0, 3, 0, 0, 0, 0, 3
"h:\SoftDev\xFRA\xFRA\icon\bootstrap\door-open.svg", "XML", 0, 0, 0, 0, 4, 0, 0, 0, 0, 4
"h:\SoftDev\xFRA\xFRA\icon\bootstrap\dot.svg", "XML", 0, 0, 0, 0, 3, 0, 0, 0, 0, 3
"h:\SoftDev\xFRA\xFRA\icon\bootstrap\download.svg", "XML", 0, 0, 0, 0, 4, 0, 0, 0, 0, 4
"h:\SoftDev\xFRA\xFRA\icon\bootstrap\dpad-fill.svg", "XML", 0, 0, 0, 0, 3, 0, 0, 0, 0, 3
"h:\SoftDev\xFRA\xFRA\icon\bootstrap\dpad.svg", "XML", 0, 0, 0, 0, 4, 0, 0, 0, 0, 4
"h:\SoftDev\xFRA\xFRA\icon\bootstrap\dribbble.svg", "XML", 0, 0, 0, 0, 3, 0, 0, 0, 0, 3
"h:\SoftDev\xFRA\xFRA\icon\bootstrap\dropbox.svg", "XML", 0, 0, 0, 0, 3, 0, 0, 0, 0, 3
"h:\SoftDev\xFRA\xFRA\icon\bootstrap\droplet-fill.svg", "XML", 0, 0, 0, 0, 3, 0, 0, 0, 0, 3
"h:\SoftDev\xFRA\xFRA\icon\bootstrap\droplet-half.svg", "XML", 0, 0, 0, 0, 4, 0, 0, 0, 0, 4
"h:\SoftDev\xFRA\xFRA\icon\bootstrap\droplet.svg", "XML", 0, 0, 0, 0, 4, 0, 0, 0, 0, 4
"h:\SoftDev\xFRA\xFRA\icon\bootstrap\duffle-fill.svg", "XML", 0, 0, 0, 0, 3, 0, 0, 0, 0, 3
"h:\SoftDev\xFRA\xFRA\icon\bootstrap\duffle.svg", "XML", 0, 0, 0, 0, 4, 0, 0, 0, 0, 4
"h:\SoftDev\xFRA\xFRA\icon\bootstrap\ear-fill.svg", "XML", 0, 0, 0, 0, 3, 0, 0, 0, 0, 3
"h:\SoftDev\xFRA\xFRA\icon\bootstrap\ear.svg", "XML", 0, 0, 0, 0, 3, 0, 0, 0, 0, 3
"h:\SoftDev\xFRA\xFRA\icon\bootstrap\earbuds.svg", "XML", 0, 0, 0, 0, 3, 0, 0, 0, 0, 3
"h:\SoftDev\xFRA\xFRA\icon\bootstrap\easel-fill.svg", "XML", 0, 0, 0, 0, 3, 0, 0, 0, 0, 3
"h:\SoftDev\xFRA\xFRA\icon\bootstrap\easel.svg", "XML", 0, 0, 0, 0, 3, 0, 0, 0, 0, 3
"h:\SoftDev\xFRA\xFRA\icon\bootstrap\easel2-fill.svg", "XML", 0, 0, 0, 0, 4, 0, 0, 0, 0, 4
"h:\SoftDev\xFRA\xFRA\icon\bootstrap\easel2.svg", "XML", 0, 0, 0, 0, 3, 0, 0, 0, 0, 3
"h:\SoftDev\xFRA\xFRA\icon\bootstrap\easel3-fill.svg", "XML", 0, 0, 0, 0, 3, 0, 0, 0, 0, 3
"h:\SoftDev\xFRA\xFRA\icon\bootstrap\easel3.svg", "XML", 0, 0, 0, 0, 3, 0, 0, 0, 0, 3
"h:\SoftDev\xFRA\xFRA\icon\bootstrap\egg-fill.svg", "XML", 0, 0, 0, 0, 3, 0, 0, 0, 0, 3
"h:\SoftDev\xFRA\xFRA\icon\bootstrap\egg-fried.svg", "XML", 0, 0, 0, 0, 4, 0, 0, 0, 0, 4
"h:\SoftDev\xFRA\xFRA\icon\bootstrap\egg.svg", "XML", 0, 0, 0, 0, 3, 0, 0, 0, 0, 3
"h:\SoftDev\xFRA\xFRA\icon\bootstrap\eject-fill.svg", "XML", 0, 0, 0, 0, 3, 0, 0, 0, 0, 3
"h:\SoftDev\xFRA\xFRA\icon\bootstrap\eject.svg", "XML", 0, 0, 0, 0, 3, 0, 0, 0, 0, 3
"h:\SoftDev\xFRA\xFRA\icon\bootstrap\emoji-angry-fill.svg", "XML", 0, 0, 0, 0, 3, 0, 0, 0, 0, 3
"h:\SoftDev\xFRA\xFRA\icon\bootstrap\emoji-angry.svg", "XML", 0, 0, 0, 0, 4, 0, 0, 0, 0, 4
"h:\SoftDev\xFRA\xFRA\icon\bootstrap\emoji-astonished-fill.svg", "XML", 0, 0, 0, 0, 3, 0, 0, 0, 0, 3
"h:\SoftDev\xFRA\xFRA\icon\bootstrap\emoji-astonished.svg", "XML", 0, 0, 0, 0, 4, 0, 0, 0, 0, 4
"h:\SoftDev\xFRA\xFRA\icon\bootstrap\emoji-dizzy-fill.svg", "XML", 0, 0, 0, 0, 3, 0, 0, 0, 0, 3
"h:\SoftDev\xFRA\xFRA\icon\bootstrap\emoji-dizzy.svg", "XML", 0, 0, 0, 0, 4, 0, 0, 0, 0, 4
"h:\SoftDev\xFRA\xFRA\icon\bootstrap\emoji-expressionless-fill.svg", "XML", 0, 0, 0, 0, 3, 0, 0, 0, 0, 3
"h:\SoftDev\xFRA\xFRA\icon\bootstrap\emoji-expressionless.svg", "XML", 0, 0, 0, 0, 4, 0, 0, 0, 0, 4
"h:\SoftDev\xFRA\xFRA\icon\bootstrap\emoji-frown-fill.svg", "XML", 0, 0, 0, 0, 3, 0, 0, 0, 0, 3
"h:\SoftDev\xFRA\xFRA\icon\bootstrap\emoji-frown.svg", "XML", 0, 0, 0, 0, 4, 0, 0, 0, 0, 4
"h:\SoftDev\xFRA\xFRA\icon\bootstrap\emoji-grimace-fill.svg", "XML", 0, 0, 0, 0, 3, 0, 0, 0, 0, 3
"h:\SoftDev\xFRA\xFRA\icon\bootstrap\emoji-grimace.svg", "XML", 0, 0, 0, 0, 4, 0, 0, 0, 0, 4
"h:\SoftDev\xFRA\xFRA\icon\bootstrap\emoji-grin-fill.svg", "XML", 0, 0, 0, 0, 3, 0, 0, 0, 0, 3
"h:\SoftDev\xFRA\xFRA\icon\bootstrap\emoji-grin.svg", "XML", 0, 0, 0, 0, 4, 0, 0, 0, 0, 4
"h:\SoftDev\xFRA\xFRA\icon\bootstrap\emoji-heart-eyes-fill.svg", "XML", 0, 0, 0, 0, 3, 0, 0, 0, 0, 3
"h:\SoftDev\xFRA\xFRA\icon\bootstrap\emoji-heart-eyes.svg", "XML", 0, 0, 0, 0, 4, 0, 0, 0, 0, 4
"h:\SoftDev\xFRA\xFRA\icon\bootstrap\emoji-kiss-fill.svg", "XML", 0, 0, 0, 0, 3, 0, 0, 0, 0, 3
"h:\SoftDev\xFRA\xFRA\icon\bootstrap\emoji-kiss.svg", "XML", 0, 0, 0, 0, 3, 0, 0, 0, 0, 3
"h:\SoftDev\xFRA\xFRA\icon\bootstrap\emoji-laughing-fill.svg", "XML", 0, 0, 0, 0, 3, 0, 0, 0, 0, 3
"h:\SoftDev\xFRA\xFRA\icon\bootstrap\emoji-laughing.svg", "XML", 0, 0, 0, 0, 4, 0, 0, 0, 0, 4
"h:\SoftDev\xFRA\xFRA\icon\bootstrap\emoji-neutral-fill.svg", "XML", 0, 0, 0, 0, 3, 0, 0, 0, 0, 3
"h:\SoftDev\xFRA\xFRA\icon\bootstrap\emoji-neutral.svg", "XML", 0, 0, 0, 0, 4, 0, 0, 0, 0, 4
"h:\SoftDev\xFRA\xFRA\icon\bootstrap\emoji-smile-fill.svg", "XML", 0, 0, 0, 0, 3, 0, 0, 0, 0, 3
"h:\SoftDev\xFRA\xFRA\icon\bootstrap\emoji-smile-upside-down-fill.svg", "XML", 0, 0, 0, 0, 3, 0, 0, 0, 0, 3
"h:\SoftDev\xFRA\xFRA\icon\bootstrap\emoji-smile-upside-down.svg", "XML", 0, 0, 0, 0, 4, 0, 0, 0, 0, 4
"h:\SoftDev\xFRA\xFRA\icon\bootstrap\emoji-smile.svg", "XML", 0, 0, 0, 0, 4, 0, 0, 0, 0, 4
"h:\SoftDev\xFRA\xFRA\icon\bootstrap\emoji-sunglasses-fill.svg", "XML", 0, 0, 0, 0, 3, 0, 0, 0, 0, 3
"h:\SoftDev\xFRA\xFRA\icon\bootstrap\emoji-sunglasses.svg", "XML", 0, 0, 0, 0, 4, 0, 0, 0, 0, 4
"h:\SoftDev\xFRA\xFRA\icon\bootstrap\emoji-surprise-fill.svg", "XML", 0, 0, 0, 0, 3, 0, 0, 0, 0, 3
"h:\SoftDev\xFRA\xFRA\icon\bootstrap\emoji-surprise.svg", "XML", 0, 0, 0, 0, 4, 0, 0, 0, 0, 4
"h:\SoftDev\xFRA\xFRA\icon\bootstrap\emoji-tear-fill.svg", "XML", 0, 0, 0, 0, 3, 0, 0, 0, 0, 3
"h:\SoftDev\xFRA\xFRA\icon\bootstrap\emoji-tear.svg", "XML", 0, 0, 0, 0, 4, 0, 0, 0, 0, 4
"h:\SoftDev\xFRA\xFRA\icon\bootstrap\emoji-wink-fill.svg", "XML", 0, 0, 0, 0, 3, 0, 0, 0, 0, 3
"h:\SoftDev\xFRA\xFRA\icon\bootstrap\emoji-wink.svg", "XML", 0, 0, 0, 0, 4, 0, 0, 0, 0, 4
"h:\SoftDev\xFRA\xFRA\icon\bootstrap\envelope-arrow-down-fill.svg", "XML", 0, 0, 0, 0, 4, 0, 0, 0, 0, 4
"h:\SoftDev\xFRA\xFRA\icon\bootstrap\envelope-arrow-down.svg", "XML", 0, 0, 0, 0, 4, 0, 0, 0, 0, 4
"h:\SoftDev\xFRA\xFRA\icon\bootstrap\envelope-arrow-up-fill.svg", "XML", 0, 0, 0, 0, 4, 0, 0, 0, 0, 4
"h:\SoftDev\xFRA\xFRA\icon\bootstrap\envelope-arrow-up.svg", "XML", 0, 0, 0, 0, 4, 0, 0, 0, 0, 4
"h:\SoftDev\xFRA\xFRA\icon\bootstrap\envelope-at-fill.svg", "XML", 0, 0, 0, 0, 4, 0, 0, 0, 0, 4
"h:\SoftDev\xFRA\xFRA\icon\bootstrap\envelope-at.svg", "XML", 0, 0, 0, 0, 4, 0, 0, 0, 0, 4
"h:\SoftDev\xFRA\xFRA\icon\bootstrap\envelope-check-fill.svg", "XML", 0, 0, 0, 0, 4, 0, 0, 0, 0, 4
"h:\SoftDev\xFRA\xFRA\icon\bootstrap\envelope-check.svg", "XML", 0, 0, 0, 0, 4, 0, 0, 0, 0, 4
"h:\SoftDev\xFRA\xFRA\icon\bootstrap\envelope-dash-fill.svg", "XML", 0, 0, 0, 0, 4, 0, 0, 0, 0, 4
"h:\SoftDev\xFRA\xFRA\icon\bootstrap\envelope-dash.svg", "XML", 0, 0, 0, 0, 4, 0, 0, 0, 0, 4
"h:\SoftDev\xFRA\xFRA\icon\bootstrap\envelope-exclamation-fill.svg", "XML", 0, 0, 0, 0, 4, 0, 0, 0, 0, 4
"h:\SoftDev\xFRA\xFRA\icon\bootstrap\envelope-exclamation.svg", "XML", 0, 0, 0, 0, 4, 0, 0, 0, 0, 4
"h:\SoftDev\xFRA\xFRA\icon\bootstrap\envelope-fill.svg", "XML", 0, 0, 0, 0, 3, 0, 0, 0, 0, 3
"h:\SoftDev\xFRA\xFRA\icon\bootstrap\envelope-heart-fill.svg", "XML", 0, 0, 0, 0, 4, 0, 0, 0, 0, 4
"h:\SoftDev\xFRA\xFRA\icon\bootstrap\envelope-heart.svg", "XML", 0, 0, 0, 0, 3, 0, 0, 0, 0, 3
"h:\SoftDev\xFRA\xFRA\icon\bootstrap\envelope-open-fill.svg", "XML", 0, 0, 0, 0, 3, 0, 0, 0, 0, 3
"h:\SoftDev\xFRA\xFRA\icon\bootstrap\envelope-open-heart-fill.svg", "XML", 0, 0, 0, 0, 4, 0, 0, 0, 0, 4
"h:\SoftDev\xFRA\xFRA\icon\bootstrap\envelope-open-heart.svg", "XML", 0, 0, 0, 0, 3, 0, 0, 0, 0, 3
"h:\SoftDev\xFRA\xFRA\icon\bootstrap\envelope-open.svg", "XML", 0, 0, 0, 0, 3, 0, 0, 0, 0, 3
"h:\SoftDev\xFRA\xFRA\icon\bootstrap\envelope-paper-fill.svg", "XML", 0, 0, 0, 0, 3, 0, 0, 0, 0, 3
"h:\SoftDev\xFRA\xFRA\icon\bootstrap\envelope-paper-heart-fill.svg", "XML", 0, 0, 0, 0, 3, 0, 0, 0, 0, 3
"h:\SoftDev\xFRA\xFRA\icon\bootstrap\envelope-paper-heart.svg", "XML", 0, 0, 0, 0, 3, 0, 0, 0, 0, 3
"h:\SoftDev\xFRA\xFRA\icon\bootstrap\envelope-paper.svg", "XML", 0, 0, 0, 0, 3, 0, 0, 0, 0, 3
"h:\SoftDev\xFRA\xFRA\icon\bootstrap\envelope-plus-fill.svg", "XML", 0, 0, 0, 0, 4, 0, 0, 0, 0, 4
"h:\SoftDev\xFRA\xFRA\icon\bootstrap\envelope-plus.svg", "XML", 0, 0, 0, 0, 4, 0, 0, 0, 0, 4
"h:\SoftDev\xFRA\xFRA\icon\bootstrap\envelope-slash-fill.svg", "XML", 0, 0, 0, 0, 4, 0, 0, 0, 0, 4
"h:\SoftDev\xFRA\xFRA\icon\bootstrap\envelope-slash.svg", "XML", 0, 0, 0, 0, 4, 0, 0, 0, 0, 4
"h:\SoftDev\xFRA\xFRA\icon\bootstrap\envelope-x-fill.svg", "XML", 0, 0, 0, 0, 4, 0, 0, 0, 0, 4
"h:\SoftDev\xFRA\xFRA\icon\bootstrap\envelope-x.svg", "XML", 0, 0, 0, 0, 4, 0, 0, 0, 0, 4
"h:\SoftDev\xFRA\xFRA\icon\bootstrap\envelope.svg", "XML", 0, 0, 0, 0, 3, 0, 0, 0, 0, 3
"h:\SoftDev\xFRA\xFRA\icon\bootstrap\eraser-fill.svg", "XML", 0, 0, 0, 0, 3, 0, 0, 0, 0, 3
"h:\SoftDev\xFRA\xFRA\icon\bootstrap\eraser.svg", "XML", 0, 0, 0, 0, 3, 0, 0, 0, 0, 3
"h:\SoftDev\xFRA\xFRA\icon\bootstrap\escape.svg", "XML", 0, 0, 0, 0, 4, 0, 0, 0, 0, 4
"h:\SoftDev\xFRA\xFRA\icon\bootstrap\ethernet.svg", "XML", 0, 0, 0, 0, 4, 0, 0, 0, 0, 4
"h:\SoftDev\xFRA\xFRA\icon\bootstrap\ev-front-fill.svg", "XML", 0, 0, 0, 0, 3, 0, 0, 0, 0, 3
"h:\SoftDev\xFRA\xFRA\icon\bootstrap\ev-front.svg", "XML", 0, 0, 0, 0, 4, 0, 0, 0, 0, 4
"h:\SoftDev\xFRA\xFRA\icon\bootstrap\ev-station-fill.svg", "XML", 0, 0, 0, 0, 3, 0, 0, 0, 0, 3
"h:\SoftDev\xFRA\xFRA\icon\bootstrap\ev-station.svg", "XML", 0, 0, 0, 0, 4, 0, 0, 0, 0, 4
"h:\SoftDev\xFRA\xFRA\icon\bootstrap\exclamation-circle-fill.svg", "XML", 0, 0, 0, 0, 3, 0, 0, 0, 0, 3
"h:\SoftDev\xFRA\xFRA\icon\bootstrap\exclamation-circle.svg", "XML", 0, 0, 0, 0, 4, 0, 0, 0, 0, 4
"h:\SoftDev\xFRA\xFRA\icon\bootstrap\exclamation-diamond-fill.svg", "XML", 0, 0, 0, 0, 3, 0, 0, 0, 0, 3
"h:\SoftDev\xFRA\xFRA\icon\bootstrap\exclamation-diamond.svg", "XML", 0, 0, 0, 0, 4, 0, 0, 0, 0, 4
"h:\SoftDev\xFRA\xFRA\icon\bootstrap\exclamation-lg.svg", "XML", 0, 0, 0, 0, 3, 0, 0, 0, 0, 3
"h:\SoftDev\xFRA\xFRA\icon\bootstrap\exclamation-octagon-fill.svg", "XML", 0, 0, 0, 0, 3, 0, 0, 0, 0, 3
"h:\SoftDev\xFRA\xFRA\icon\bootstrap\exclamation-octagon.svg", "XML", 0, 0, 0, 0, 4, 0, 0, 0, 0, 4
"h:\SoftDev\xFRA\xFRA\icon\bootstrap\exclamation-square-fill.svg", "XML", 0, 0, 0, 0, 3, 0, 0, 0, 0, 3
"h:\SoftDev\xFRA\xFRA\icon\bootstrap\exclamation-square.svg", "XML", 0, 0, 0, 0, 4, 0, 0, 0, 0, 4
"h:\SoftDev\xFRA\xFRA\icon\bootstrap\exclamation-triangle-fill.svg", "XML", 0, 0, 0, 0, 3, 0, 0, 0, 0, 3
"h:\SoftDev\xFRA\xFRA\icon\bootstrap\exclamation-triangle.svg", "XML", 0, 0, 0, 0, 4, 0, 0, 0, 0, 4
"h:\SoftDev\xFRA\xFRA\icon\bootstrap\exclamation.svg", "XML", 0, 0, 0, 0, 3, 0, 0, 0, 0, 3
"h:\SoftDev\xFRA\xFRA\icon\bootstrap\exclude.svg", "XML", 0, 0, 0, 0, 3, 0, 0, 0, 0, 3
"h:\SoftDev\xFRA\xFRA\icon\bootstrap\explicit-fill.svg", "XML", 0, 0, 0, 0, 3, 0, 0, 0, 0, 3
"h:\SoftDev\xFRA\xFRA\icon\bootstrap\explicit.svg", "XML", 0, 0, 0, 0, 4, 0, 0, 0, 0, 4
"h:\SoftDev\xFRA\xFRA\icon\bootstrap\exposure.svg", "XML", 0, 0, 0, 0, 4, 0, 0, 0, 0, 4
"h:\SoftDev\xFRA\xFRA\icon\bootstrap\eye-fill.svg", "XML", 0, 0, 0, 0, 4, 0, 0, 0, 0, 4
"h:\SoftDev\xFRA\xFRA\icon\bootstrap\eye-slash-fill.svg", "XML", 0, 0, 0, 0, 4, 0, 0, 0, 0, 4
"h:\SoftDev\xFRA\xFRA\icon\bootstrap\eye-slash.svg", "XML", 0, 0, 0, 0, 5, 0, 0, 0, 0, 5
"h:\SoftDev\xFRA\xFRA\icon\bootstrap\eye.svg", "XML", 0, 0, 0, 0, 4, 0, 0, 0, 0, 4
"h:\SoftDev\xFRA\xFRA\icon\bootstrap\eyedropper.svg", "XML", 0, 0, 0, 0, 3, 0, 0, 0, 0, 3
"h:\SoftDev\xFRA\xFRA\icon\bootstrap\eyeglasses.svg", "XML", 0, 0, 0, 0, 3, 0, 0, 0, 0, 3
"h:\SoftDev\xFRA\xFRA\icon\bootstrap\facebook.svg", "XML", 0, 0, 0, 0, 3, 0, 0, 0, 0, 3
"h:\SoftDev\xFRA\xFRA\icon\bootstrap\fan.svg", "XML", 0, 0, 0, 0, 4, 0, 0, 0, 0, 4
"h:\SoftDev\xFRA\xFRA\icon\bootstrap\fast-forward-btn-fill.svg", "XML", 0, 0, 0, 0, 3, 0, 0, 0, 0, 3
"h:\SoftDev\xFRA\xFRA\icon\bootstrap\fast-forward-btn.svg", "XML", 0, 0, 0, 0, 4, 0, 0, 0, 0, 4
"h:\SoftDev\xFRA\xFRA\icon\bootstrap\fast-forward-circle-fill.svg", "XML", 0, 0, 0, 0, 3, 0, 0, 0, 0, 3
"h:\SoftDev\xFRA\xFRA\icon\bootstrap\fast-forward-circle.svg", "XML", 0, 0, 0, 0, 4, 0, 0, 0, 0, 4
"h:\SoftDev\xFRA\xFRA\icon\bootstrap\fast-forward-fill.svg", "XML", 0, 0, 0, 0, 4, 0, 0, 0, 0, 4
"h:\SoftDev\xFRA\xFRA\icon\bootstrap\fast-forward.svg", "XML", 0, 0, 0, 0, 4, 0, 0, 0, 0, 4
"h:\SoftDev\xFRA\xFRA\icon\bootstrap\feather.svg", "XML", 0, 0, 0, 0, 3, 0, 0, 0, 0, 3
"h:\SoftDev\xFRA\xFRA\icon\bootstrap\feather2.svg", "XML", 0, 0, 0, 0, 3, 0, 0, 0, 0, 3
"h:\SoftDev\xFRA\xFRA\icon\bootstrap\file-arrow-down-fill.svg", "XML", 0, 0, 0, 0, 3, 0, 0, 0, 0, 3
"h:\SoftDev\xFRA\xFRA\icon\bootstrap\file-arrow-down.svg", "XML", 0, 0, 0, 0, 4, 0, 0, 0, 0, 4
"h:\SoftDev\xFRA\xFRA\icon\bootstrap\file-arrow-up-fill.svg", "XML", 0, 0, 0, 0, 3, 0, 0, 0, 0, 3
"h:\SoftDev\xFRA\xFRA\icon\bootstrap\file-arrow-up.svg", "XML", 0, 0, 0, 0, 4, 0, 0, 0, 0, 4
"h:\SoftDev\xFRA\xFRA\icon\bootstrap\file-bar-graph-fill.svg", "XML", 0, 0, 0, 0, 3, 0, 0, 0, 0, 3
"h:\SoftDev\xFRA\xFRA\icon\bootstrap\file-bar-graph.svg", "XML", 0, 0, 0, 0, 4, 0, 0, 0, 0, 4
"h:\SoftDev\xFRA\xFRA\icon\bootstrap\file-binary-fill.svg", "XML", 0, 0, 0, 0, 4, 0, 0, 0, 0, 4
"h:\SoftDev\xFRA\xFRA\icon\bootstrap\file-binary.svg", "XML", 0, 0, 0, 0, 4, 0, 0, 0, 0, 4
"h:\SoftDev\xFRA\xFRA\icon\bootstrap\file-break-fill.svg", "XML", 0, 0, 0, 0, 3, 0, 0, 0, 0, 3
"h:\SoftDev\xFRA\xFRA\icon\bootstrap\file-break.svg", "XML", 0, 0, 0, 0, 3, 0, 0, 0, 0, 3
"h:\SoftDev\xFRA\xFRA\icon\bootstrap\file-check-fill.svg", "XML", 0, 0, 0, 0, 3, 0, 0, 0, 0, 3
"h:\SoftDev\xFRA\xFRA\icon\bootstrap\file-check.svg", "XML", 0, 0, 0, 0, 4, 0, 0, 0, 0, 4
"h:\SoftDev\xFRA\xFRA\icon\bootstrap\file-code-fill.svg", "XML", 0, 0, 0, 0, 3, 0, 0, 0, 0, 3
"h:\SoftDev\xFRA\xFRA\icon\bootstrap\file-code.svg", "XML", 0, 0, 0, 0, 4, 0, 0, 0, 0, 4
"h:\SoftDev\xFRA\xFRA\icon\bootstrap\file-diff-fill.svg", "XML", 0, 0, 0, 0, 3, 0, 0, 0, 0, 3
"h:\SoftDev\xFRA\xFRA\icon\bootstrap\file-diff.svg", "XML", 0, 0, 0, 0, 4, 0, 0, 0, 0, 4
"h:\SoftDev\xFRA\xFRA\icon\bootstrap\file-earmark-arrow-down-fill.svg", "XML", 0, 0, 0, 0, 3, 0, 0, 0, 0, 3
"h:\SoftDev\xFRA\xFRA\icon\bootstrap\file-earmark-arrow-down.svg", "XML", 0, 0, 0, 0, 4, 0, 0, 0, 0, 4
"h:\SoftDev\xFRA\xFRA\icon\bootstrap\file-earmark-arrow-up-fill.svg", "XML", 0, 0, 0, 0, 3, 0, 0, 0, 0, 3
"h:\SoftDev\xFRA\xFRA\icon\bootstrap\file-earmark-arrow-up.svg", "XML", 0, 0, 0, 0, 4, 0, 0, 0, 0, 4
"h:\SoftDev\xFRA\xFRA\icon\bootstrap\file-earmark-bar-graph-fill.svg", "XML", 0, 0, 0, 0, 3, 0, 0, 0, 0, 3
"h:\SoftDev\xFRA\xFRA\icon\bootstrap\file-earmark-bar-graph.svg", "XML", 0, 0, 0, 0, 4, 0, 0, 0, 0, 4
"h:\SoftDev\xFRA\xFRA\icon\bootstrap\file-earmark-binary-fill.svg", "XML", 0, 0, 0, 0, 4, 0, 0, 0, 0, 4
"h:\SoftDev\xFRA\xFRA\icon\bootstrap\file-earmark-binary.svg", "XML", 0, 0, 0, 0, 4, 0, 0, 0, 0, 4
"h:\SoftDev\xFRA\xFRA\icon\bootstrap\file-earmark-break-fill.svg", "XML", 0, 0, 0, 0, 3, 0, 0, 0, 0, 3
"h:\SoftDev\xFRA\xFRA\icon\bootstrap\file-earmark-break.svg", "XML", 0, 0, 0, 0, 3, 0, 0, 0, 0, 3
"h:\SoftDev\xFRA\xFRA\icon\bootstrap\file-earmark-check-fill.svg", "XML", 0, 0, 0, 0, 3, 0, 0, 0, 0, 3
"h:\SoftDev\xFRA\xFRA\icon\bootstrap\file-earmark-check.svg", "XML", 0, 0, 0, 0, 4, 0, 0, 0, 0, 4
"h:\SoftDev\xFRA\xFRA\icon\bootstrap\file-earmark-code-fill.svg", "XML", 0, 0, 0, 0, 3, 0, 0, 0, 0, 3
"h:\SoftDev\xFRA\xFRA\icon\bootstrap\file-earmark-code.svg", "XML", 0, 0, 0, 0, 4, 0, 0, 0, 0, 4
"h:\SoftDev\xFRA\xFRA\icon\bootstrap\file-earmark-diff-fill.svg", "XML", 0, 0, 0, 0, 3, 0, 0, 0, 0, 3
"h:\SoftDev\xFRA\xFRA\icon\bootstrap\file-earmark-diff.svg", "XML", 0, 0, 0, 0, 4, 0, 0, 0, 0, 4
"h:\SoftDev\xFRA\xFRA\icon\bootstrap\file-earmark-easel-fill.svg", "XML", 0, 0, 0, 0, 4, 0, 0, 0, 0, 4
"h:\SoftDev\xFRA\xFRA\icon\bootstrap\file-earmark-easel.svg", "XML", 0, 0, 0, 0, 4, 0, 0, 0, 0, 4
"h:\SoftDev\xFRA\xFRA\icon\bootstrap\file-earmark-excel-fill.svg", "XML", 0, 0, 0, 0, 3, 0, 0, 0, 0, 3
"h:\SoftDev\xFRA\xFRA\icon\bootstrap\file-earmark-excel.svg", "XML", 0, 0, 0, 0, 4, 0, 0, 0, 0, 4
"h:\SoftDev\xFRA\xFRA\icon\bootstrap\file-earmark-fill.svg", "XML", 0, 0, 0, 0, 3, 0, 0, 0, 0, 3
"h:\SoftDev\xFRA\xFRA\icon\bootstrap\file-earmark-font-fill.svg", "XML", 0, 0, 0, 0, 3, 0, 0, 0, 0, 3
"h:\SoftDev\xFRA\xFRA\icon\bootstrap\file-earmark-font.svg", "XML", 0, 0, 0, 0, 4, 0, 0, 0, 0, 4
"h:\SoftDev\xFRA\xFRA\icon\bootstrap\file-earmark-image-fill.svg", "XML", 0, 0, 0, 0, 4, 0, 0, 0, 0, 4
"h:\SoftDev\xFRA\xFRA\icon\bootstrap\file-earmark-image.svg", "XML", 0, 0, 0, 0, 4, 0, 0, 0, 0, 4
"h:\SoftDev\xFRA\xFRA\icon\bootstrap\file-earmark-lock-fill.svg", "XML", 0, 0, 0, 0, 4, 0, 0, 0, 0, 4
"h:\SoftDev\xFRA\xFRA\icon\bootstrap\file-earmark-lock.svg", "XML", 0, 0, 0, 0, 4, 0, 0, 0, 0, 4
"h:\SoftDev\xFRA\xFRA\icon\bootstrap\file-earmark-lock2-fill.svg", "XML", 0, 0, 0, 0, 4, 0, 0, 0, 0, 4
"h:\SoftDev\xFRA\xFRA\icon\bootstrap\file-earmark-lock2.svg", "XML", 0, 0, 0, 0, 4, 0, 0, 0, 0, 4
"h:\SoftDev\xFRA\xFRA\icon\bootstrap\file-earmark-medical-fill.svg", "XML", 0, 0, 0, 0, 3, 0, 0, 0, 0, 3
"h:\SoftDev\xFRA\xFRA\icon\bootstrap\file-earmark-medical.svg", "XML", 0, 0, 0, 0, 4, 0, 0, 0, 0, 4
"h:\SoftDev\xFRA\xFRA\icon\bootstrap\file-earmark-minus-fill.svg", "XML", 0, 0, 0, 0, 3, 0, 0, 0, 0, 3
"h:\SoftDev\xFRA\xFRA\icon\bootstrap\file-earmark-minus.svg", "XML", 0, 0, 0, 0, 4, 0, 0, 0, 0, 4
"h:\SoftDev\xFRA\xFRA\icon\bootstrap\file-earmark-music-fill.svg", "XML", 0, 0, 0, 0, 3, 0, 0, 0, 0, 3
"h:\SoftDev\xFRA\xFRA\icon\bootstrap\file-earmark-music.svg", "XML", 0, 0, 0, 0, 4, 0, 0, 0, 0, 4
"h:\SoftDev\xFRA\xFRA\icon\bootstrap\file-earmark-pdf-fill.svg", "XML", 0, 0, 0, 0, 4, 0, 0, 0, 0, 4
"h:\SoftDev\xFRA\xFRA\icon\bootstrap\file-earmark-pdf.svg", "XML", 0, 0, 0, 0, 4, 0, 0, 0, 0, 4
"h:\SoftDev\xFRA\xFRA\icon\bootstrap\file-earmark-person-fill.svg", "XML", 0, 0, 0, 0, 3, 0, 0, 0, 0, 3
"h:\SoftDev\xFRA\xFRA\icon\bootstrap\file-earmark-person.svg", "XML", 0, 0, 0, 0, 4, 0, 0, 0, 0, 4
"h:\SoftDev\xFRA\xFRA\icon\bootstrap\file-earmark-play-fill.svg", "XML", 0, 0, 0, 0, 3, 0, 0, 0, 0, 3
"h:\SoftDev\xFRA\xFRA\icon\bootstrap\file-earmark-play.svg", "XML", 0, 0, 0, 0, 4, 0, 0, 0, 0, 4
"h:\SoftDev\xFRA\xFRA\icon\bootstrap\file-earmark-plus-fill.svg", "XML", 0, 0, 0, 0, 3, 0, 0, 0, 0, 3
"h:\SoftDev\xFRA\xFRA\icon\bootstrap\file-earmark-plus.svg", "XML", 0, 0, 0, 0, 4, 0, 0, 0, 0, 4
"h:\SoftDev\xFRA\xFRA\icon\bootstrap\file-earmark-post-fill.svg", "XML", 0, 0, 0, 0, 3, 0, 0, 0, 0, 3
"h:\SoftDev\xFRA\xFRA\icon\bootstrap\file-earmark-post.svg", "XML", 0, 0, 0, 0, 4, 0, 0, 0, 0, 4
"h:\SoftDev\xFRA\xFRA\icon\bootstrap\file-earmark-ppt-fill.svg", "XML", 0, 0, 0, 0, 4, 0, 0, 0, 0, 4
"h:\SoftDev\xFRA\xFRA\icon\bootstrap\file-earmark-ppt.svg", "XML", 0, 0, 0, 0, 4, 0, 0, 0, 0, 4
"h:\SoftDev\xFRA\xFRA\icon\bootstrap\file-earmark-richtext-fill.svg", "XML", 0, 0, 0, 0, 3, 0, 0, 0, 0, 3
"h:\SoftDev\xFRA\xFRA\icon\bootstrap\file-earmark-richtext.svg", "XML", 0, 0, 0, 0, 4, 0, 0, 0, 0, 4
"h:\SoftDev\xFRA\xFRA\icon\bootstrap\file-earmark-ruled-fill.svg", "XML", 0, 0, 0, 0, 3, 0, 0, 0, 0, 3
"h:\SoftDev\xFRA\xFRA\icon\bootstrap\file-earmark-ruled.svg", "XML", 0, 0, 0, 0, 3, 0, 0, 0, 0, 3
"h:\SoftDev\xFRA\xFRA\icon\bootstrap\file-earmark-slides-fill.svg", "XML", 0, 0, 0, 0, 4, 0, 0, 0, 0, 4
"h:\SoftDev\xFRA\xFRA\icon\bootstrap\file-earmark-slides.svg", "XML", 0, 0, 0, 0, 4, 0, 0, 0, 0, 4
"h:\SoftDev\xFRA\xFRA\icon\bootstrap\file-earmark-spreadsheet-fill.svg", "XML", 0, 0, 0, 0, 4, 0, 0, 0, 0, 4
"h:\SoftDev\xFRA\xFRA\icon\bootstrap\file-earmark-spreadsheet.svg", "XML", 0, 0, 0, 0, 3, 0, 0, 0, 0, 3
"h:\SoftDev\xFRA\xFRA\icon\bootstrap\file-earmark-text-fill.svg", "XML", 0, 0, 0, 0, 3, 0, 0, 0, 0, 3
"h:\SoftDev\xFRA\xFRA\icon\bootstrap\file-earmark-text.svg", "XML", 0, 0, 0, 0, 4, 0, 0, 0, 0, 4
"h:\SoftDev\xFRA\xFRA\icon\bootstrap\file-earmark-word-fill.svg", "XML", 0, 0, 0, 0, 3, 0, 0, 0, 0, 3
"h:\SoftDev\xFRA\xFRA\icon\bootstrap\file-earmark-word.svg", "XML", 0, 0, 0, 0, 4, 0, 0, 0, 0, 4
"h:\SoftDev\xFRA\xFRA\icon\bootstrap\file-earmark-x-fill.svg", "XML", 0, 0, 0, 0, 3, 0, 0, 0, 0, 3
"h:\SoftDev\xFRA\xFRA\icon\bootstrap\file-earmark-x.svg", "XML", 0, 0, 0, 0, 4, 0, 0, 0, 0, 4
"h:\SoftDev\xFRA\xFRA\icon\bootstrap\file-earmark-zip-fill.svg", "XML", 0, 0, 0, 0, 4, 0, 0, 0, 0, 4
"h:\SoftDev\xFRA\xFRA\icon\bootstrap\file-earmark-zip.svg", "XML", 0, 0, 0, 0, 4, 0, 0, 0, 0, 4
"h:\SoftDev\xFRA\xFRA\icon\bootstrap\file-earmark.svg", "XML", 0, 0, 0, 0, 3, 0, 0, 0, 0, 3
"h:\SoftDev\xFRA\xFRA\icon\bootstrap\file-easel-fill.svg", "XML", 0, 0, 0, 0, 4, 0, 0, 0, 0, 4
"h:\SoftDev\xFRA\xFRA\icon\bootstrap\file-easel.svg", "XML", 0, 0, 0, 0, 4, 0, 0, 0, 0, 4
"h:\SoftDev\xFRA\xFRA\icon\bootstrap\file-excel-fill.svg", "XML", 0, 0, 0, 0, 3, 0, 0, 0, 0, 3
"h:\SoftDev\xFRA\xFRA\icon\bootstrap\file-excel.svg", "XML", 0, 0, 0, 0, 4, 0, 0, 0, 0, 4
"h:\SoftDev\xFRA\xFRA\icon\bootstrap\file-fill.svg", "XML", 0, 0, 0, 0, 3, 0, 0, 0, 0, 3
"h:\SoftDev\xFRA\xFRA\icon\bootstrap\file-font-fill.svg", "XML", 0, 0, 0, 0, 3, 0, 0, 0, 0, 3
"h:\SoftDev\xFRA\xFRA\icon\bootstrap\file-font.svg", "XML", 0, 0, 0, 0, 4, 0, 0, 0, 0, 4
"h:\SoftDev\xFRA\xFRA\icon\bootstrap\file-image-fill.svg", "XML", 0, 0, 0, 0, 4, 0, 0, 0, 0, 4
"h:\SoftDev\xFRA\xFRA\icon\bootstrap\file-image.svg", "XML", 0, 0, 0, 0, 4, 0, 0, 0, 0, 4
"h:\SoftDev\xFRA\xFRA\icon\bootstrap\file-lock-fill.svg", "XML", 0, 0, 0, 0, 4, 0, 0, 0, 0, 4
"h:\SoftDev\xFRA\xFRA\icon\bootstrap\file-lock.svg", "XML", 0, 0, 0, 0, 4, 0, 0, 0, 0, 4
"h:\SoftDev\xFRA\xFRA\icon\bootstrap\file-lock2-fill.svg", "XML", 0, 0, 0, 0, 4, 0, 0, 0, 0, 4
"h:\SoftDev\xFRA\xFRA\icon\bootstrap\file-lock2.svg", "XML", 0, 0, 0, 0, 4, 0, 0, 0, 0, 4
"h:\SoftDev\xFRA\xFRA\icon\bootstrap\file-medical-fill.svg", "XML", 0, 0, 0, 0, 3, 0, 0, 0, 0, 3
"h:\SoftDev\xFRA\xFRA\icon\bootstrap\file-medical.svg", "XML", 0, 0, 0, 0, 4, 0, 0, 0, 0, 4
"h:\SoftDev\xFRA\xFRA\icon\bootstrap\file-minus-fill.svg", "XML", 0, 0, 0, 0, 3, 0, 0, 0, 0, 3
"h:\SoftDev\xFRA\xFRA\icon\bootstrap\file-minus.svg", "XML", 0, 0, 0, 0, 4, 0, 0, 0, 0, 4
"h:\SoftDev\xFRA\xFRA\icon\bootstrap\file-music-fill.svg", "XML", 0, 0, 0, 0, 3, 0, 0, 0, 0, 3
"h:\SoftDev\xFRA\xFRA\icon\bootstrap\file-music.svg", "XML", 0, 0, 0, 0, 4, 0, 0, 0, 0, 4
"h:\SoftDev\xFRA\xFRA\icon\bootstrap\file-pdf-fill.svg", "XML", 0, 0, 0, 0, 4, 0, 0, 0, 0, 4
"h:\SoftDev\xFRA\xFRA\icon\bootstrap\file-pdf.svg", "XML", 0, 0, 0, 0, 4, 0, 0, 0, 0, 4
"h:\SoftDev\xFRA\xFRA\icon\bootstrap\file-person-fill.svg", "XML", 0, 0, 0, 0, 3, 0, 0, 0, 0, 3
"h:\SoftDev\xFRA\xFRA\icon\bootstrap\file-person.svg", "XML", 0, 0, 0, 0, 4, 0, 0, 0, 0, 4
"h:\SoftDev\xFRA\xFRA\icon\bootstrap\file-play-fill.svg", "XML", 0, 0, 0, 0, 3, 0, 0, 0, 0, 3
"h:\SoftDev\xFRA\xFRA\icon\bootstrap\file-play.svg", "XML", 0, 0, 0, 0, 4, 0, 0, 0, 0, 4
"h:\SoftDev\xFRA\xFRA\icon\bootstrap\file-plus-fill.svg", "XML", 0, 0, 0, 0, 3, 0, 0, 0, 0, 3
"h:\SoftDev\xFRA\xFRA\icon\bootstrap\file-plus.svg", "XML", 0, 0, 0, 0, 4, 0, 0, 0, 0, 4
"h:\SoftDev\xFRA\xFRA\icon\bootstrap\file-post-fill.svg", "XML", 0, 0, 0, 0, 3, 0, 0, 0, 0, 3
"h:\SoftDev\xFRA\xFRA\icon\bootstrap\file-post.svg", "XML", 0, 0, 0, 0, 4, 0, 0, 0, 0, 4
"h:\SoftDev\xFRA\xFRA\icon\bootstrap\file-ppt-fill.svg", "XML", 0, 0, 0, 0, 4, 0, 0, 0, 0, 4
"h:\SoftDev\xFRA\xFRA\icon\bootstrap\file-ppt.svg", "XML", 0, 0, 0, 0, 4, 0, 0, 0, 0, 4
"h:\SoftDev\xFRA\xFRA\icon\bootstrap\file-richtext-fill.svg", "XML", 0, 0, 0, 0, 3, 0, 0, 0, 0, 3
"h:\SoftDev\xFRA\xFRA\icon\bootstrap\file-richtext.svg", "XML", 0, 0, 0, 0, 4, 0, 0, 0, 0, 4
"h:\SoftDev\xFRA\xFRA\icon\bootstrap\file-ruled-fill.svg", "XML", 0, 0, 0, 0, 3, 0, 0, 0, 0, 3
"h:\SoftDev\xFRA\xFRA\icon\bootstrap\file-ruled.svg", "XML", 0, 0, 0, 0, 3, 0, 0, 0, 0, 3
"h:\SoftDev\xFRA\xFRA\icon\bootstrap\file-slides-fill.svg", "XML", 0, 0, 0, 0, 4, 0, 0, 0, 0, 4
"h:\SoftDev\xFRA\xFRA\icon\bootstrap\file-slides.svg", "XML", 0, 0, 0, 0, 4, 0, 0, 0, 0, 4
"h:\SoftDev\xFRA\xFRA\icon\bootstrap\file-spreadsheet-fill.svg", "XML", 0, 0, 0, 0, 3, 0, 0, 0, 0, 3
"h:\SoftDev\xFRA\xFRA\icon\bootstrap\file-spreadsheet.svg", "XML", 0, 0, 0, 0, 3, 0, 0, 0, 0, 3
"h:\SoftDev\xFRA\xFRA\icon\bootstrap\file-text-fill.svg", "XML", 0, 0, 0, 0, 3, 0, 0, 0, 0, 3
"h:\SoftDev\xFRA\xFRA\icon\bootstrap\file-text.svg", "XML", 0, 0, 0, 0, 4, 0, 0, 0, 0, 4
"h:\SoftDev\xFRA\xFRA\icon\bootstrap\file-word-fill.svg", "XML", 0, 0, 0, 0, 3, 0, 0, 0, 0, 3
"h:\SoftDev\xFRA\xFRA\icon\bootstrap\file-word.svg", "XML", 0, 0, 0, 0, 4, 0, 0, 0, 0, 4
"h:\SoftDev\xFRA\xFRA\icon\bootstrap\file-x-fill.svg", "XML", 0, 0, 0, 0, 3, 0, 0, 0, 0, 3
"h:\SoftDev\xFRA\xFRA\icon\bootstrap\file-x.svg", "XML", 0, 0, 0, 0, 4, 0, 0, 0, 0, 4
"h:\SoftDev\xFRA\xFRA\icon\bootstrap\file-zip-fill.svg", "XML", 0, 0, 0, 0, 4, 0, 0, 0, 0, 4
"h:\SoftDev\xFRA\xFRA\icon\bootstrap\file-zip.svg", "XML", 0, 0, 0, 0, 4, 0, 0, 0, 0, 4
"h:\SoftDev\xFRA\xFRA\icon\bootstrap\file.svg", "XML", 0, 0, 0, 0, 3, 0, 0, 0, 0, 3
"h:\SoftDev\xFRA\xFRA\icon\bootstrap\files-alt.svg", "XML", 0, 0, 0, 0, 3, 0, 0, 0, 0, 3
"h:\SoftDev\xFRA\xFRA\icon\bootstrap\files.svg", "XML", 0, 0, 0, 0, 3, 0, 0, 0, 0, 3
"h:\SoftDev\xFRA\xFRA\icon\bootstrap\filetype-aac.svg", "XML", 0, 0, 0, 0, 3, 0, 0, 0, 0, 3
"h:\SoftDev\xFRA\xFRA\icon\bootstrap\filetype-ai.svg", "XML", 0, 0, 0, 0, 3, 0, 0, 0, 0, 3
"h:\SoftDev\xFRA\xFRA\icon\bootstrap\filetype-bmp.svg", "XML", 0, 0, 0, 0, 3, 0, 0, 0, 0, 3
"h:\SoftDev\xFRA\xFRA\icon\bootstrap\filetype-cs.svg", "XML", 0, 0, 0, 0, 3, 0, 0, 0, 0, 3
"h:\SoftDev\xFRA\xFRA\icon\bootstrap\filetype-css.svg", "XML", 0, 0, 0, 0, 3, 0, 0, 0, 0, 3
"h:\SoftDev\xFRA\xFRA\icon\bootstrap\filetype-csv.svg", "XML", 0, 0, 0, 0, 3, 0, 0, 0, 0, 3
"h:\SoftDev\xFRA\xFRA\icon\bootstrap\filetype-doc.svg", "XML", 0, 0, 0, 0, 3, 0, 0, 0, 0, 3
"h:\SoftDev\xFRA\xFRA\icon\bootstrap\filetype-docx.svg", "XML", 0, 0, 0, 0, 3, 0, 0, 0, 0, 3
"h:\SoftDev\xFRA\xFRA\icon\bootstrap\filetype-exe.svg", "XML", 0, 0, 0, 0, 3, 0, 0, 0, 0, 3
"h:\SoftDev\xFRA\xFRA\icon\bootstrap\filetype-gif.svg", "XML", 0, 0, 0, 0, 3, 0, 0, 0, 0, 3
"h:\SoftDev\xFRA\xFRA\icon\bootstrap\filetype-heic.svg", "XML", 0, 0, 0, 0, 3, 0, 0, 0, 0, 3
"h:\SoftDev\xFRA\xFRA\icon\bootstrap\filetype-html.svg", "XML", 0, 0, 0, 0, 3, 0, 0, 0, 0, 3
"h:\SoftDev\xFRA\xFRA\icon\bootstrap\filetype-java.svg", "XML", 0, 0, 0, 0, 3, 0, 0, 0, 0, 3
"h:\SoftDev\xFRA\xFRA\icon\bootstrap\filetype-jpg.svg", "XML", 0, 0, 0, 0, 3, 0, 0, 0, 0, 3
"h:\SoftDev\xFRA\xFRA\icon\bootstrap\filetype-js.svg", "XML", 0, 0, 0, 0, 3, 0, 0, 0, 0, 3
"h:\SoftDev\xFRA\xFRA\icon\bootstrap\filetype-json.svg", "XML", 0, 0, 0, 0, 3, 0, 0, 0, 0, 3
"h:\SoftDev\xFRA\xFRA\icon\bootstrap\filetype-jsx.svg", "XML", 0, 0, 0, 0, 3, 0, 0, 0, 0, 3
"h:\SoftDev\xFRA\xFRA\icon\bootstrap\filetype-key.svg", "XML", 0, 0, 0, 0, 3, 0, 0, 0, 0, 3
"h:\SoftDev\xFRA\xFRA\icon\bootstrap\filetype-m4p.svg", "XML", 0, 0, 0, 0, 3, 0, 0, 0, 0, 3
"h:\SoftDev\xFRA\xFRA\icon\bootstrap\filetype-md.svg", "XML", 0, 0, 0, 0, 3, 0, 0, 0, 0, 3
"h:\SoftDev\xFRA\xFRA\icon\bootstrap\filetype-mdx.svg", "XML", 0, 0, 0, 0, 3, 0, 0, 0, 0, 3
"h:\SoftDev\xFRA\xFRA\icon\bootstrap\filetype-mov.svg", "XML", 0, 0, 0, 0, 3, 0, 0, 0, 0, 3
"h:\SoftDev\xFRA\xFRA\icon\bootstrap\filetype-mp3.svg", "XML", 0, 0, 0, 0, 3, 0, 0, 0, 0, 3
"h:\SoftDev\xFRA\xFRA\icon\bootstrap\filetype-mp4.svg", "XML", 0, 0, 0, 0, 3, 0, 0, 0, 0, 3
"h:\SoftDev\xFRA\xFRA\icon\bootstrap\filetype-otf.svg", "XML", 0, 0, 0, 0, 3, 0, 0, 0, 0, 3
"h:\SoftDev\xFRA\xFRA\icon\bootstrap\filetype-pdf.svg", "XML", 0, 0, 0, 0, 3, 0, 0, 0, 0, 3
"h:\SoftDev\xFRA\xFRA\icon\bootstrap\filetype-php.svg", "XML", 0, 0, 0, 0, 3, 0, 0, 0, 0, 3
"h:\SoftDev\xFRA\xFRA\icon\bootstrap\filetype-png.svg", "XML", 0, 0, 0, 0, 3, 0, 0, 0, 0, 3
"h:\SoftDev\xFRA\xFRA\icon\bootstrap\filetype-ppt.svg", "XML", 0, 0, 0, 0, 3, 0, 0, 0, 0, 3
"h:\SoftDev\xFRA\xFRA\icon\bootstrap\filetype-pptx.svg", "XML", 0, 0, 0, 0, 3, 0, 0, 0, 0, 3
"h:\SoftDev\xFRA\xFRA\icon\bootstrap\filetype-psd.svg", "XML", 0, 0, 0, 0, 3, 0, 0, 0, 0, 3
"h:\SoftDev\xFRA\xFRA\icon\bootstrap\filetype-py.svg", "XML", 0, 0, 0, 0, 3, 0, 0, 0, 0, 3
"h:\SoftDev\xFRA\xFRA\icon\bootstrap\filetype-raw.svg", "XML", 0, 0, 0, 0, 3, 0, 0, 0, 0, 3
"h:\SoftDev\xFRA\xFRA\icon\bootstrap\filetype-rb.svg", "XML", 0, 0, 0, 0, 3, 0, 0, 0, 0, 3
"h:\SoftDev\xFRA\xFRA\icon\bootstrap\filetype-sass.svg", "XML", 0, 0, 0, 0, 3, 0, 0, 0, 0, 3
"h:\SoftDev\xFRA\xFRA\icon\bootstrap\filetype-scss.svg", "XML", 0, 0, 0, 0, 3, 0, 0, 0, 0, 3
"h:\SoftDev\xFRA\xFRA\icon\bootstrap\filetype-sh.svg", "XML", 0, 0, 0, 0, 3, 0, 0, 0, 0, 3
"h:\SoftDev\xFRA\xFRA\icon\bootstrap\filetype-sql.svg", "XML", 0, 0, 0, 0, 3, 0, 0, 0, 0, 3
"h:\SoftDev\xFRA\xFRA\icon\bootstrap\filetype-svg.svg", "XML", 0, 0, 0, 0, 3, 0, 0, 0, 0, 3
"h:\SoftDev\xFRA\xFRA\icon\bootstrap\filetype-tiff.svg", "XML", 0, 0, 0, 0, 3, 0, 0, 0, 0, 3
"h:\SoftDev\xFRA\xFRA\icon\bootstrap\filetype-tsx.svg", "XML", 0, 0, 0, 0, 3, 0, 0, 0, 0, 3
"h:\SoftDev\xFRA\xFRA\icon\bootstrap\filetype-ttf.svg", "XML", 0, 0, 0, 0, 3, 0, 0, 0, 0, 3
"h:\SoftDev\xFRA\xFRA\icon\bootstrap\filetype-txt.svg", "XML", 0, 0, 0, 0, 3, 0, 0, 0, 0, 3
"h:\SoftDev\xFRA\xFRA\icon\bootstrap\filetype-wav.svg", "XML", 0, 0, 0, 0, 3, 0, 0, 0, 0, 3
"h:\SoftDev\xFRA\xFRA\icon\bootstrap\filetype-woff.svg", "XML", 0, 0, 0, 0, 3, 0, 0, 0, 0, 3
"h:\SoftDev\xFRA\xFRA\icon\bootstrap\filetype-xls.svg", "XML", 0, 0, 0, 0, 3, 0, 0, 0, 0, 3
"h:\SoftDev\xFRA\xFRA\icon\bootstrap\filetype-xlsx.svg", "XML", 0, 0, 0, 0, 3, 0, 0, 0, 0, 3
"h:\SoftDev\xFRA\xFRA\icon\bootstrap\filetype-xml.svg", "XML", 0, 0, 0, 0, 3, 0, 0, 0, 0, 3
"h:\SoftDev\xFRA\xFRA\icon\bootstrap\filetype-yml.svg", "XML", 0, 0, 0, 0, 3, 0, 0, 0, 0, 3
"h:\SoftDev\xFRA\xFRA\icon\bootstrap\film.svg", "XML", 0, 0, 0, 0, 3, 0, 0, 0, 0, 3
"h:\SoftDev\xFRA\xFRA\icon\bootstrap\filter-circle-fill.svg", "XML", 0, 0, 0, 0, 3, 0, 0, 0, 0, 3
"h:\SoftDev\xFRA\xFRA\icon\bootstrap\filter-circle.svg", "XML", 0, 0, 0, 0, 4, 0, 0, 0, 0, 4
"h:\SoftDev\xFRA\xFRA\icon\bootstrap\filter-left.svg", "XML", 0, 0, 0, 0, 3, 0, 0, 0, 0, 3
"h:\SoftDev\xFRA\xFRA\icon\bootstrap\filter-right.svg", "XML", 0, 0, 0, 0, 3, 0, 0, 0, 0, 3
"h:\SoftDev\xFRA\xFRA\icon\bootstrap\filter-square-fill.svg", "XML", 0, 0, 0, 0, 3, 0, 0, 0, 0, 3
"h:\SoftDev\xFRA\xFRA\icon\bootstrap\filter-square.svg", "XML", 0, 0, 0, 0, 4, 0, 0, 0, 0, 4
"h:\SoftDev\xFRA\xFRA\icon\bootstrap\filter.svg", "XML", 0, 0, 0, 0, 3, 0, 0, 0, 0, 3
"h:\SoftDev\xFRA\xFRA\icon\bootstrap\fingerprint.svg", "XML", 0, 0, 0, 0, 7, 0, 0, 0, 0, 7
"h:\SoftDev\xFRA\xFRA\icon\bootstrap\fire.svg", "XML", 0, 0, 0, 0, 3, 0, 0, 0, 0, 3
"h:\SoftDev\xFRA\xFRA\icon\bootstrap\flag-fill.svg", "XML", 0, 0, 0, 0, 3, 0, 0, 0, 0, 3
"h:\SoftDev\xFRA\xFRA\icon\bootstrap\flag.svg", "XML", 0, 0, 0, 0, 3, 0, 0, 0, 0, 3
"h:\SoftDev\xFRA\xFRA\icon\bootstrap\flask-fill.svg", "XML", 0, 0, 0, 0, 3, 0, 0, 0, 0, 3
"h:\SoftDev\xFRA\xFRA\icon\bootstrap\flask-florence-fill.svg", "XML", 0, 0, 0, 0, 3, 0, 0, 0, 0, 3
"h:\SoftDev\xFRA\xFRA\icon\bootstrap\flask-florence.svg", "XML", 0, 0, 0, 0, 3, 0, 0, 0, 0, 3
"h:\SoftDev\xFRA\xFRA\icon\bootstrap\flask.svg", "XML", 0, 0, 0, 0, 3, 0, 0, 0, 0, 3
"h:\SoftDev\xFRA\xFRA\icon\bootstrap\floppy-fill.svg", "XML", 0, 0, 0, 0, 4, 0, 0, 0, 0, 4
"h:\SoftDev\xFRA\xFRA\icon\bootstrap\floppy.svg", "XML", 0, 0, 0, 0, 4, 0, 0, 0, 0, 4
"h:\SoftDev\xFRA\xFRA\icon\bootstrap\floppy2-fill.svg", "XML", 0, 0, 0, 0, 4, 0, 0, 0, 0, 4
"h:\SoftDev\xFRA\xFRA\icon\bootstrap\floppy2.svg", "XML", 0, 0, 0, 0, 3, 0, 0, 0, 0, 3
"h:\SoftDev\xFRA\xFRA\icon\bootstrap\flower1.svg", "XML", 0, 0, 0, 0, 3, 0, 0, 0, 0, 3
"h:\SoftDev\xFRA\xFRA\icon\bootstrap\flower2.svg", "XML", 0, 0, 0, 0, 3, 0, 0, 0, 0, 3
"h:\SoftDev\xFRA\xFRA\icon\bootstrap\flower3.svg", "XML", 0, 0, 0, 0, 3, 0, 0, 0, 0, 3
"h:\SoftDev\xFRA\xFRA\icon\bootstrap\folder-check.svg", "XML", 0, 0, 0, 0, 4, 0, 0, 0, 0, 4
"h:\SoftDev\xFRA\xFRA\icon\bootstrap\folder-fill.svg", "XML", 0, 0, 0, 0, 3, 0, 0, 0, 0, 3
"h:\SoftDev\xFRA\xFRA\icon\bootstrap\folder-minus.svg", "XML", 0, 0, 0, 0, 4, 0, 0, 0, 0, 4
"h:\SoftDev\xFRA\xFRA\icon\bootstrap\folder-plus.svg", "XML", 0, 0, 0, 0, 4, 0, 0, 0, 0, 4
"h:\SoftDev\xFRA\xFRA\icon\bootstrap\folder-symlink-fill.svg", "XML", 0, 0, 0, 0, 3, 0, 0, 0, 0, 3
"h:\SoftDev\xFRA\xFRA\icon\bootstrap\folder-symlink.svg", "XML", 0, 0, 0, 0, 4, 0, 0, 0, 0, 4
"h:\SoftDev\xFRA\xFRA\icon\bootstrap\folder-x.svg", "XML", 0, 0, 0, 0, 4, 0, 0, 0, 0, 4
"h:\SoftDev\xFRA\xFRA\icon\bootstrap\folder.svg", "XML", 0, 0, 0, 0, 3, 0, 0, 0, 0, 3
"h:\SoftDev\xFRA\xFRA\icon\bootstrap\folder2-open.svg", "XML", 0, 0, 0, 0, 3, 0, 0, 0, 0, 3
"h:\SoftDev\xFRA\xFRA\icon\bootstrap\folder2.svg", "XML", 0, 0, 0, 0, 3, 0, 0, 0, 0, 3
"h:\SoftDev\xFRA\xFRA\icon\bootstrap\fonts.svg", "XML", 0, 0, 0, 0, 3, 0, 0, 0, 0, 3
"h:\SoftDev\xFRA\xFRA\icon\bootstrap\fork-knife.svg", "XML", 0, 0, 0, 0, 3, 0, 0, 0, 0, 3
"h:\SoftDev\xFRA\xFRA\icon\bootstrap\forward-fill.svg", "XML", 0, 0, 0, 0, 3, 0, 0, 0, 0, 3
"h:\SoftDev\xFRA\xFRA\icon\bootstrap\forward.svg", "XML", 0, 0, 0, 0, 3, 0, 0, 0, 0, 3
"h:\SoftDev\xFRA\xFRA\icon\bootstrap\front.svg", "XML", 0, 0, 0, 0, 3, 0, 0, 0, 0, 3
"h:\SoftDev\xFRA\xFRA\icon\bootstrap\fuel-pump-diesel-fill.svg", "XML", 0, 0, 0, 0, 4, 0, 0, 0, 0, 4
"h:\SoftDev\xFRA\xFRA\icon\bootstrap\fuel-pump-diesel.svg", "XML", 0, 0, 0, 0, 4, 0, 0, 0, 0, 4
"h:\SoftDev\xFRA\xFRA\icon\bootstrap\fuel-pump-fill.svg", "XML", 0, 0, 0, 0, 3, 0, 0, 0, 0, 3
"h:\SoftDev\xFRA\xFRA\icon\bootstrap\fuel-pump.svg", "XML", 0, 0, 0, 0, 4, 0, 0, 0, 0, 4
"h:\SoftDev\xFRA\xFRA\icon\bootstrap\fullscreen-exit.svg", "XML", 0, 0, 0, 0, 3, 0, 0, 0, 0, 3
"h:\SoftDev\xFRA\xFRA\icon\bootstrap\fullscreen.svg", "XML", 0, 0, 0, 0, 3, 0, 0, 0, 0, 3
"h:\SoftDev\xFRA\xFRA\icon\bootstrap\funnel-fill.svg", "XML", 0, 0, 0, 0, 3, 0, 0, 0, 0, 3
"h:\SoftDev\xFRA\xFRA\icon\bootstrap\funnel.svg", "XML", 0, 0, 0, 0, 3, 0, 0, 0, 0, 3
"h:\SoftDev\xFRA\xFRA\icon\bootstrap\gear-fill.svg", "XML", 0, 0, 0, 0, 3, 0, 0, 0, 0, 3
"h:\SoftDev\xFRA\xFRA\icon\bootstrap\gear-wide-connected.svg", "XML", 0, 0, 0, 0, 3, 0, 0, 0, 0, 3
"h:\SoftDev\xFRA\xFRA\icon\bootstrap\gear-wide.svg", "XML", 0, 0, 0, 0, 3, 0, 0, 0, 0, 3
"h:\SoftDev\xFRA\xFRA\icon\bootstrap\gear.svg", "XML", 0, 0, 0, 0, 4, 0, 0, 0, 0, 4
"h:\SoftDev\xFRA\xFRA\icon\bootstrap\gem.svg", "XML", 0, 0, 0, 0, 3, 0, 0, 0, 0, 3
"h:\SoftDev\xFRA\xFRA\icon\bootstrap\gender-ambiguous.svg", "XML", 0, 0, 0, 0, 3, 0, 0, 0, 0, 3
"h:\SoftDev\xFRA\xFRA\icon\bootstrap\gender-female.svg", "XML", 0, 0, 0, 0, 3, 0, 0, 0, 0, 3
"h:\SoftDev\xFRA\xFRA\icon\bootstrap\gender-male.svg", "XML", 0, 0, 0, 0, 3, 0, 0, 0, 0, 3
"h:\SoftDev\xFRA\xFRA\icon\bootstrap\gender-neuter.svg", "XML", 0, 0, 0, 0, 3, 0, 0, 0, 0, 3
"h:\SoftDev\xFRA\xFRA\icon\bootstrap\gender-trans.svg", "XML", 0, 0, 0, 0, 3, 0, 0, 0, 0, 3
"h:\SoftDev\xFRA\xFRA\icon\bootstrap\geo-alt-fill.svg", "XML", 0, 0, 0, 0, 3, 0, 0, 0, 0, 3
"h:\SoftDev\xFRA\xFRA\icon\bootstrap\geo-alt.svg", "XML", 0, 0, 0, 0, 4, 0, 0, 0, 0, 4
"h:\SoftDev\xFRA\xFRA\icon\bootstrap\geo-fill.svg", "XML", 0, 0, 0, 0, 3, 0, 0, 0, 0, 3
"h:\SoftDev\xFRA\xFRA\icon\bootstrap\geo.svg", "XML", 0, 0, 0, 0, 3, 0, 0, 0, 0, 3
"h:\SoftDev\xFRA\xFRA\icon\bootstrap\gift-fill.svg", "XML", 0, 0, 0, 0, 3, 0, 0, 0, 0, 3
"h:\SoftDev\xFRA\xFRA\icon\bootstrap\gift.svg", "XML", 0, 0, 0, 0, 3, 0, 0, 0, 0, 3
"h:\SoftDev\xFRA\xFRA\icon\bootstrap\git.svg", "XML", 0, 0, 0, 0, 3, 0, 0, 0, 0, 3
"h:\SoftDev\xFRA\xFRA\icon\bootstrap\github.svg", "XML", 0, 0, 0, 0, 3, 0, 0, 0, 0, 3
"h:\SoftDev\xFRA\xFRA\icon\bootstrap\gitlab.svg", "XML", 0, 0, 0, 0, 3, 0, 0, 0, 0, 3
"h:\SoftDev\xFRA\xFRA\icon\bootstrap\globe-americas-fill.svg", "XML", 0, 0, 0, 0, 3, 0, 0, 0, 0, 3
"h:\SoftDev\xFRA\xFRA\icon\bootstrap\globe-americas.svg", "XML", 0, 0, 0, 0, 3, 0, 0, 0, 0, 3
"h:\SoftDev\xFRA\xFRA\icon\bootstrap\globe-asia-australia-fill.svg", "XML", 0, 0, 0, 0, 3, 0, 0, 0, 0, 3
"h:\SoftDev\xFRA\xFRA\icon\bootstrap\globe-asia-australia.svg", "XML", 0, 0, 0, 0, 4, 0, 0, 0, 0, 4
"h:\SoftDev\xFRA\xFRA\icon\bootstrap\globe-central-south-asia-fill.svg", "XML", 0, 0, 0, 0, 3, 0, 0, 0, 0, 3
"h:\SoftDev\xFRA\xFRA\icon\bootstrap\globe-central-south-asia.svg", "XML", 0, 0, 0, 0, 3, 0, 0, 0, 0, 3
"h:\SoftDev\xFRA\xFRA\icon\bootstrap\globe-europe-africa-fill.svg", "XML", 0, 0, 0, 0, 3, 0, 0, 0, 0, 3
"h:\SoftDev\xFRA\xFRA\icon\bootstrap\globe-europe-africa.svg", "XML", 0, 0, 0, 0, 3, 0, 0, 0, 0, 3
"h:\SoftDev\xFRA\xFRA\icon\bootstrap\globe.svg", "XML", 0, 0, 0, 0, 3, 0, 0, 0, 0, 3
"h:\SoftDev\xFRA\xFRA\icon\bootstrap\globe2.svg", "XML", 0, 0, 0, 0, 3, 0, 0, 0, 0, 3
"h:\SoftDev\xFRA\xFRA\icon\bootstrap\google-play.svg", "XML", 0, 0, 0, 0, 3, 0, 0, 0, 0, 3
"h:\SoftDev\xFRA\xFRA\icon\bootstrap\google.svg", "XML", 0, 0, 0, 0, 3, 0, 0, 0, 0, 3
"h:\SoftDev\xFRA\xFRA\icon\bootstrap\gpu-card.svg", "XML", 0, 0, 0, 0, 5, 0, 0, 0, 0, 5
"h:\SoftDev\xFRA\xFRA\icon\bootstrap\graph-down-arrow.svg", "XML", 0, 0, 0, 0, 3, 0, 0, 0, 0, 3
"h:\SoftDev\xFRA\xFRA\icon\bootstrap\graph-down.svg", "XML", 0, 0, 0, 0, 3, 0, 0, 0, 0, 3
"h:\SoftDev\xFRA\xFRA\icon\bootstrap\graph-up-arrow.svg", "XML", 0, 0, 0, 0, 3, 0, 0, 0, 0, 3
"h:\SoftDev\xFRA\xFRA\icon\bootstrap\graph-up.svg", "XML", 0, 0, 0, 0, 3, 0, 0, 0, 0, 3
"h:\SoftDev\xFRA\xFRA\icon\bootstrap\grid-1x2-fill.svg", "XML", 0, 0, 0, 0, 3, 0, 0, 0, 0, 3
"h:\SoftDev\xFRA\xFRA\icon\bootstrap\grid-1x2.svg", "XML", 0, 0, 0, 0, 3, 0, 0, 0, 0, 3
"h:\SoftDev\xFRA\xFRA\icon\bootstrap\grid-3x2-gap-fill.svg", "XML", 0, 0, 0, 0, 3, 0, 0, 0, 0, 3
"h:\SoftDev\xFRA\xFRA\icon\bootstrap\grid-3x2-gap.svg", "XML", 0, 0, 0, 0, 3, 0, 0, 0, 0, 3
"h:\SoftDev\xFRA\xFRA\icon\bootstrap\grid-3x2.svg", "XML", 0, 0, 0, 0, 3, 0, 0, 0, 0, 3
"h:\SoftDev\xFRA\xFRA\icon\bootstrap\grid-3x3-gap-fill.svg", "XML", 0, 0, 0, 0, 3, 0, 0, 0, 0, 3
"h:\SoftDev\xFRA\xFRA\icon\bootstrap\grid-3x3-gap.svg", "XML", 0, 0, 0, 0, 3, 0, 0, 0, 0, 3
"h:\SoftDev\xFRA\xFRA\icon\bootstrap\grid-3x3.svg", "XML", 0, 0, 0, 0, 3, 0, 0, 0, 0, 3
"h:\SoftDev\xFRA\xFRA\icon\bootstrap\grid-fill.svg", "XML", 0, 0, 0, 0, 3, 0, 0, 0, 0, 3
"h:\SoftDev\xFRA\xFRA\icon\bootstrap\grid.svg", "XML", 0, 0, 0, 0, 3, 0, 0, 0, 0, 3
"h:\SoftDev\xFRA\xFRA\icon\bootstrap\grip-horizontal.svg", "XML", 0, 0, 0, 0, 3, 0, 0, 0, 0, 3
"h:\SoftDev\xFRA\xFRA\icon\bootstrap\grip-vertical.svg", "XML", 0, 0, 0, 0, 3, 0, 0, 0, 0, 3
"h:\SoftDev\xFRA\xFRA\icon\bootstrap\h-circle-fill.svg", "XML", 0, 0, 0, 0, 3, 0, 0, 0, 0, 3
"h:\SoftDev\xFRA\xFRA\icon\bootstrap\h-circle.svg", "XML", 0, 0, 0, 0, 3, 0, 0, 0, 0, 3
"h:\SoftDev\xFRA\xFRA\icon\bootstrap\h-square-fill.svg", "XML", 0, 0, 0, 0, 3, 0, 0, 0, 0, 3
"h:\SoftDev\xFRA\xFRA\icon\bootstrap\h-square.svg", "XML", 0, 0, 0, 0, 4, 0, 0, 0, 0, 4
"h:\SoftDev\xFRA\xFRA\icon\bootstrap\hammer.svg", "XML", 0, 0, 0, 0, 3, 0, 0, 0, 0, 3
"h:\SoftDev\xFRA\xFRA\icon\bootstrap\hand-index-fill.svg", "XML", 0, 0, 0, 0, 3, 0, 0, 0, 0, 3
"h:\SoftDev\xFRA\xFRA\icon\bootstrap\hand-index-thumb-fill.svg", "XML", 0, 0, 0, 0, 3, 0, 0, 0, 0, 3
"h:\SoftDev\xFRA\xFRA\icon\bootstrap\hand-index-thumb.svg", "XML", 0, 0, 0, 0, 3, 0, 0, 0, 0, 3
"h:\SoftDev\xFRA\xFRA\icon\bootstrap\hand-index.svg", "XML", 0, 0, 0, 0, 3, 0, 0, 0, 0, 3
"h:\SoftDev\xFRA\xFRA\icon\bootstrap\hand-thumbs-down-fill.svg", "XML", 0, 0, 0, 0, 3, 0, 0, 0, 0, 3
"h:\SoftDev\xFRA\xFRA\icon\bootstrap\hand-thumbs-down.svg", "XML", 0, 0, 0, 0, 3, 0, 0, 0, 0, 3
"h:\SoftDev\xFRA\xFRA\icon\bootstrap\hand-thumbs-up-fill.svg", "XML", 0, 0, 0, 0, 3, 0, 0, 0, 0, 3
"h:\SoftDev\xFRA\xFRA\icon\bootstrap\hand-thumbs-up.svg", "XML", 0, 0, 0, 0, 3, 0, 0, 0, 0, 3
"h:\SoftDev\xFRA\xFRA\icon\bootstrap\handbag-fill.svg", "XML", 0, 0, 0, 0, 3, 0, 0, 0, 0, 3
"h:\SoftDev\xFRA\xFRA\icon\bootstrap\handbag.svg", "XML", 0, 0, 0, 0, 3, 0, 0, 0, 0, 3
"h:\SoftDev\xFRA\xFRA\icon\bootstrap\hash.svg", "XML", 0, 0, 0, 0, 3, 0, 0, 0, 0, 3
"h:\SoftDev\xFRA\xFRA\icon\bootstrap\hdd-fill.svg", "XML", 0, 0, 0, 0, 3, 0, 0, 0, 0, 3
"h:\SoftDev\xFRA\xFRA\icon\bootstrap\hdd-network-fill.svg", "XML", 0, 0, 0, 0, 3, 0, 0, 0, 0, 3
"h:\SoftDev\xFRA\xFRA\icon\bootstrap\hdd-network.svg", "XML", 0, 0, 0, 0, 4, 0, 0, 0, 0, 4
"h:\SoftDev\xFRA\xFRA\icon\bootstrap\hdd-rack-fill.svg", "XML", 0, 0, 0, 0, 3, 0, 0, 0, 0, 3
"h:\SoftDev\xFRA\xFRA\icon\bootstrap\hdd-rack.svg", "XML", 0, 0, 0, 0, 4, 0, 0, 0, 0, 4
"h:\SoftDev\xFRA\xFRA\icon\bootstrap\hdd-stack-fill.svg", "XML", 0, 0, 0, 0, 3, 0, 0, 0, 0, 3
"h:\SoftDev\xFRA\xFRA\icon\bootstrap\hdd-stack.svg", "XML", 0, 0, 0, 0, 5, 0, 0, 0, 0, 5
"h:\SoftDev\xFRA\xFRA\icon\bootstrap\hdd.svg", "XML", 0, 0, 0, 0, 4, 0, 0, 0, 0, 4
"h:\SoftDev\xFRA\xFRA\icon\bootstrap\hdmi-fill.svg", "XML", 0, 0, 0, 0, 3, 0, 0, 0, 0, 3
"h:\SoftDev\xFRA\xFRA\icon\bootstrap\hdmi.svg", "XML", 0, 0, 0, 0, 4, 0, 0, 0, 0, 4
"h:\SoftDev\xFRA\xFRA\icon\bootstrap\headphones.svg", "XML", 0, 0, 0, 0, 3, 0, 0, 0, 0, 3
"h:\SoftDev\xFRA\xFRA\icon\bootstrap\headset-vr.svg", "XML", 0, 0, 0, 0, 4, 0, 0, 0, 0, 4
"h:\SoftDev\xFRA\xFRA\icon\bootstrap\headset.svg", "XML", 0, 0, 0, 0, 3, 0, 0, 0, 0, 3
"h:\SoftDev\xFRA\xFRA\icon\bootstrap\heart-arrow.svg", "XML", 0, 0, 0, 0, 3, 0, 0, 0, 0, 3
"h:\SoftDev\xFRA\xFRA\icon\bootstrap\heart-fill.svg", "XML", 0, 0, 0, 0, 3, 0, 0, 0, 0, 3
"h:\SoftDev\xFRA\xFRA\icon\bootstrap\heart-half.svg", "XML", 0, 0, 0, 0, 3, 0, 0, 0, 0, 3
"h:\SoftDev\xFRA\xFRA\icon\bootstrap\heart-pulse-fill.svg", "XML", 0, 0, 0, 0, 4, 0, 0, 0, 0, 4
"h:\SoftDev\xFRA\xFRA\icon\bootstrap\heart-pulse.svg", "XML", 0, 0, 0, 0, 4, 0, 0, 0, 0, 4
"h:\SoftDev\xFRA\xFRA\icon\bootstrap\heart.svg", "XML", 0, 0, 0, 0, 3, 0, 0, 0, 0, 3
"h:\SoftDev\xFRA\xFRA\icon\bootstrap\heartbreak-fill.svg", "XML", 0, 0, 0, 0, 3, 0, 0, 0, 0, 3
"h:\SoftDev\xFRA\xFRA\icon\bootstrap\heartbreak.svg", "XML", 0, 0, 0, 0, 3, 0, 0, 0, 0, 3
"h:\SoftDev\xFRA\xFRA\icon\bootstrap\hearts.svg", "XML", 0, 0, 0, 0, 3, 0, 0, 0, 0, 3
"h:\SoftDev\xFRA\xFRA\icon\bootstrap\heptagon-fill.svg", "XML", 0, 0, 0, 0, 3, 0, 0, 0, 0, 3
"h:\SoftDev\xFRA\xFRA\icon\bootstrap\heptagon-half.svg", "XML", 0, 0, 0, 0, 3, 0, 0, 0, 0, 3
"h:\SoftDev\xFRA\xFRA\icon\bootstrap\heptagon.svg", "XML", 0, 0, 0, 0, 3, 0, 0, 0, 0, 3
"h:\SoftDev\xFRA\xFRA\icon\bootstrap\hexagon-fill.svg", "XML", 0, 0, 0, 0, 3, 0, 0, 0, 0, 3
"h:\SoftDev\xFRA\xFRA\icon\bootstrap\hexagon-half.svg", "XML", 0, 0, 0, 0, 3, 0, 0, 0, 0, 3
"h:\SoftDev\xFRA\xFRA\icon\bootstrap\hexagon.svg", "XML", 0, 0, 0, 0, 3, 0, 0, 0, 0, 3
"h:\SoftDev\xFRA\xFRA\icon\bootstrap\highlighter.svg", "XML", 0, 0, 0, 0, 3, 0, 0, 0, 0, 3
"h:\SoftDev\xFRA\xFRA\icon\bootstrap\highlights.svg", "XML", 0, 0, 0, 0, 3, 0, 0, 0, 0, 3
"h:\SoftDev\xFRA\xFRA\icon\bootstrap\hospital-fill.svg", "XML", 0, 0, 0, 0, 3, 0, 0, 0, 0, 3
"h:\SoftDev\xFRA\xFRA\icon\bootstrap\hospital.svg", "XML", 0, 0, 0, 0, 4, 0, 0, 0, 0, 4
"h:\SoftDev\xFRA\xFRA\icon\bootstrap\hourglass-bottom.svg", "XML", 0, 0, 0, 0, 3, 0, 0, 0, 0, 3
"h:\SoftDev\xFRA\xFRA\icon\bootstrap\hourglass-split.svg", "XML", 0, 0, 0, 0, 3, 0, 0, 0, 0, 3
"h:\SoftDev\xFRA\xFRA\icon\bootstrap\hourglass-top.svg", "XML", 0, 0, 0, 0, 3, 0, 0, 0, 0, 3
"h:\SoftDev\xFRA\xFRA\icon\bootstrap\hourglass.svg", "XML", 0, 0, 0, 0, 3, 0, 0, 0, 0, 3
"h:\SoftDev\xFRA\xFRA\icon\bootstrap\house-add-fill.svg", "XML", 0, 0, 0, 0, 5, 0, 0, 0, 0, 5
"h:\SoftDev\xFRA\xFRA\icon\bootstrap\house-add.svg", "XML", 0, 0, 0, 0, 4, 0, 0, 0, 0, 4
"h:\SoftDev\xFRA\xFRA\icon\bootstrap\house-check-fill.svg", "XML", 0, 0, 0, 0, 5, 0, 0, 0, 0, 5
"h:\SoftDev\xFRA\xFRA\icon\bootstrap\house-check.svg", "XML", 0, 0, 0, 0, 4, 0, 0, 0, 0, 4
"h:\SoftDev\xFRA\xFRA\icon\bootstrap\house-dash-fill.svg", "XML", 0, 0, 0, 0, 5, 0, 0, 0, 0, 5
"h:\SoftDev\xFRA\xFRA\icon\bootstrap\house-dash.svg", "XML", 0, 0, 0, 0, 4, 0, 0, 0, 0, 4
"h:\SoftDev\xFRA\xFRA\icon\bootstrap\house-door-fill.svg", "XML", 0, 0, 0, 0, 3, 0, 0, 0, 0, 3
"h:\SoftDev\xFRA\xFRA\icon\bootstrap\house-door.svg", "XML", 0, 0, 0, 0, 3, 0, 0, 0, 0, 3
"h:\SoftDev\xFRA\xFRA\icon\bootstrap\house-down-fill.svg", "XML", 0, 0, 0, 0, 5, 0, 0, 0, 0, 5
"h:\SoftDev\xFRA\xFRA\icon\bootstrap\house-down.svg", "XML", 0, 0, 0, 0, 4, 0, 0, 0, 0, 4
"h:\SoftDev\xFRA\xFRA\icon\bootstrap\house-exclamation-fill.svg", "XML", 0, 0, 0, 0, 5, 0, 0, 0, 0, 5
"h:\SoftDev\xFRA\xFRA\icon\bootstrap\house-exclamation.svg", "XML", 0, 0, 0, 0, 4, 0, 0, 0, 0, 4
"h:\SoftDev\xFRA\xFRA\icon\bootstrap\house-fill.svg", "XML", 0, 0, 0, 0, 4, 0, 0, 0, 0, 4
"h:\SoftDev\xFRA\xFRA\icon\bootstrap\house-gear-fill.svg", "XML", 0, 0, 0, 0, 5, 0, 0, 0, 0, 5
"h:\SoftDev\xFRA\xFRA\icon\bootstrap\house-gear.svg", "XML", 0, 0, 0, 0, 4, 0, 0, 0, 0, 4
"h:\SoftDev\xFRA\xFRA\icon\bootstrap\house-heart-fill.svg", "XML", 0, 0, 0, 0, 4, 0, 0, 0, 0, 4
"h:\SoftDev\xFRA\xFRA\icon\bootstrap\house-heart.svg", "XML", 0, 0, 0, 0, 4, 0, 0, 0, 0, 4
"h:\SoftDev\xFRA\xFRA\icon\bootstrap\house-lock-fill.svg", "XML", 0, 0, 0, 0, 5, 0, 0, 0, 0, 5
"h:\SoftDev\xFRA\xFRA\icon\bootstrap\house-lock.svg", "XML", 0, 0, 0, 0, 4, 0, 0, 0, 0, 4
"h:\SoftDev\xFRA\xFRA\icon\bootstrap\house-slash-fill.svg", "XML", 0, 0, 0, 0, 5, 0, 0, 0, 0, 5
"h:\SoftDev\xFRA\xFRA\icon\bootstrap\house-slash.svg", "XML", 0, 0, 0, 0, 4, 0, 0, 0, 0, 4
"h:\SoftDev\xFRA\xFRA\icon\bootstrap\house-up-fill.svg", "XML", 0, 0, 0, 0, 5, 0, 0, 0, 0, 5
"h:\SoftDev\xFRA\xFRA\icon\bootstrap\house-up.svg", "XML", 0, 0, 0, 0, 4, 0, 0, 0, 0, 4
"h:\SoftDev\xFRA\xFRA\icon\bootstrap\house-x-fill.svg", "XML", 0, 0, 0, 0, 5, 0, 0, 0, 0, 5
"h:\SoftDev\xFRA\xFRA\icon\bootstrap\house-x.svg", "XML", 0, 0, 0, 0, 4, 0, 0, 0, 0, 4
"h:\SoftDev\xFRA\xFRA\icon\bootstrap\house.svg", "XML", 0, 0, 0, 0, 3, 0, 0, 0, 0, 3
"h:\SoftDev\xFRA\xFRA\icon\bootstrap\houses-fill.svg", "XML", 0, 0, 0, 0, 4, 0, 0, 0, 0, 4
"h:\SoftDev\xFRA\xFRA\icon\bootstrap\houses.svg", "XML", 0, 0, 0, 0, 3, 0, 0, 0, 0, 3
"h:\SoftDev\xFRA\xFRA\icon\bootstrap\hr.svg", "XML", 0, 0, 0, 0, 3, 0, 0, 0, 0, 3
"h:\SoftDev\xFRA\xFRA\icon\bootstrap\hurricane.svg", "XML", 0, 0, 0, 0, 3, 0, 0, 0, 0, 3
"h:\SoftDev\xFRA\xFRA\icon\bootstrap\hypnotize.svg", "XML", 0, 0, 0, 0, 4, 0, 0, 0, 0, 4
"h:\SoftDev\xFRA\xFRA\icon\bootstrap\image-alt.svg", "XML", 0, 0, 0, 0, 3, 0, 0, 0, 0, 3
"h:\SoftDev\xFRA\xFRA\icon\bootstrap\image-fill.svg", "XML", 0, 0, 0, 0, 3, 0, 0, 0, 0, 3
"h:\SoftDev\xFRA\xFRA\icon\bootstrap\image.svg", "XML", 0, 0, 0, 0, 4, 0, 0, 0, 0, 4
"h:\SoftDev\xFRA\xFRA\icon\bootstrap\images.svg", "XML", 0, 0, 0, 0, 4, 0, 0, 0, 0, 4
"h:\SoftDev\xFRA\xFRA\icon\bootstrap\inbox-fill.svg", "XML", 0, 0, 0, 0, 3, 0, 0, 0, 0, 3
"h:\SoftDev\xFRA\xFRA\icon\bootstrap\inbox.svg", "XML", 0, 0, 0, 0, 3, 0, 0, 0, 0, 3
"h:\SoftDev\xFRA\xFRA\icon\bootstrap\inboxes-fill.svg", "XML", 0, 0, 0, 0, 3, 0, 0, 0, 0, 3
"h:\SoftDev\xFRA\xFRA\icon\bootstrap\inboxes.svg", "XML", 0, 0, 0, 0, 3, 0, 0, 0, 0, 3
"h:\SoftDev\xFRA\xFRA\icon\bootstrap\incognito.svg", "XML", 0, 0, 0, 0, 3, 0, 0, 0, 0, 3
"h:\SoftDev\xFRA\xFRA\icon\bootstrap\indent.svg", "XML", 0, 0, 0, 0, 4, 0, 0, 0, 0, 4
"h:\SoftDev\xFRA\xFRA\icon\bootstrap\infinity.svg", "XML", 0, 0, 0, 0, 3, 0, 0, 0, 0, 3
"h:\SoftDev\xFRA\xFRA\icon\bootstrap\info-circle-fill.svg", "XML", 0, 0, 0, 0, 3, 0, 0, 0, 0, 3
"h:\SoftDev\xFRA\xFRA\icon\bootstrap\info-circle.svg", "XML", 0, 0, 0, 0, 4, 0, 0, 0, 0, 4
"h:\SoftDev\xFRA\xFRA\icon\bootstrap\info-lg.svg", "XML", 0, 0, 0, 0, 3, 0, 0, 0, 0, 3
"h:\SoftDev\xFRA\xFRA\icon\bootstrap\info-square-fill.svg", "XML", 0, 0, 0, 0, 3, 0, 0, 0, 0, 3
"h:\SoftDev\xFRA\xFRA\icon\bootstrap\info-square.svg", "XML", 0, 0, 0, 0, 4, 0, 0, 0, 0, 4
"h:\SoftDev\xFRA\xFRA\icon\bootstrap\info.svg", "XML", 0, 0, 0, 0, 3, 0, 0, 0, 0, 3
"h:\SoftDev\xFRA\xFRA\icon\bootstrap\input-cursor-text.svg", "XML", 0, 0, 0, 0, 4, 0, 0, 0, 0, 4
"h:\SoftDev\xFRA\xFRA\icon\bootstrap\input-cursor.svg", "XML", 0, 0, 0, 0, 4, 0, 0, 0, 0, 4
"h:\SoftDev\xFRA\xFRA\icon\bootstrap\instagram.svg", "XML", 0, 0, 0, 0, 3, 0, 0, 0, 0, 3
"h:\SoftDev\xFRA\xFRA\icon\bootstrap\intersect.svg", "XML", 0, 0, 0, 0, 3, 0, 0, 0, 0, 3
"h:\SoftDev\xFRA\xFRA\icon\bootstrap\javascript.svg", "XML", 0, 0, 0, 0, 3, 0, 0, 0, 0, 3
"h:\SoftDev\xFRA\xFRA\icon\bootstrap\journal-album.svg", "XML", 0, 0, 0, 0, 5, 0, 0, 0, 0, 5
"h:\SoftDev\xFRA\xFRA\icon\bootstrap\journal-arrow-down.svg", "XML", 0, 0, 0, 0, 5, 0, 0, 0, 0, 5
"h:\SoftDev\xFRA\xFRA\icon\bootstrap\journal-arrow-up.svg", "XML", 0, 0, 0, 0, 5, 0, 0, 0, 0, 5
"h:\SoftDev\xFRA\xFRA\icon\bootstrap\journal-bookmark-fill.svg", "XML", 0, 0, 0, 0, 5, 0, 0, 0, 0, 5
"h:\SoftDev\xFRA\xFRA\icon\bootstrap\journal-bookmark.svg", "XML", 0, 0, 0, 0, 5, 0, 0, 0, 0, 5
"h:\SoftDev\xFRA\xFRA\icon\bootstrap\journal-check.svg", "XML", 0, 0, 0, 0, 5, 0, 0, 0, 0, 5
"h:\SoftDev\xFRA\xFRA\icon\bootstrap\journal-code.svg", "XML", 0, 0, 0, 0, 5, 0, 0, 0, 0, 5
"h:\SoftDev\xFRA\xFRA\icon\bootstrap\journal-medical.svg", "XML", 0, 0, 0, 0, 5, 0, 0, 0, 0, 5
"h:\SoftDev\xFRA\xFRA\icon\bootstrap\journal-minus.svg", "XML", 0, 0, 0, 0, 5, 0, 0, 0, 0, 5
"h:\SoftDev\xFRA\xFRA\icon\bootstrap\journal-plus.svg", "XML", 0, 0, 0, 0, 5, 0, 0, 0, 0, 5
"h:\SoftDev\xFRA\xFRA\icon\bootstrap\journal-richtext.svg", "XML", 0, 0, 0, 0, 5, 0, 0, 0, 0, 5
"h:\SoftDev\xFRA\xFRA\icon\bootstrap\journal-text.svg", "XML", 0, 0, 0, 0, 5, 0, 0, 0, 0, 5
"h:\SoftDev\xFRA\xFRA\icon\bootstrap\journal-x.svg", "XML", 0, 0, 0, 0, 5, 0, 0, 0, 0, 5
"h:\SoftDev\xFRA\xFRA\icon\bootstrap\journal.svg", "XML", 0, 0, 0, 0, 4, 0, 0, 0, 0, 4
"h:\SoftDev\xFRA\xFRA\icon\bootstrap\journals.svg", "XML", 0, 0, 0, 0, 4, 0, 0, 0, 0, 4
"h:\SoftDev\xFRA\xFRA\icon\bootstrap\joystick.svg", "XML", 0, 0, 0, 0, 4, 0, 0, 0, 0, 4
"h:\SoftDev\xFRA\xFRA\icon\bootstrap\justify-left.svg", "XML", 0, 0, 0, 0, 3, 0, 0, 0, 0, 3
"h:\SoftDev\xFRA\xFRA\icon\bootstrap\justify-right.svg", "XML", 0, 0, 0, 0, 3, 0, 0, 0, 0, 3
"h:\SoftDev\xFRA\xFRA\icon\bootstrap\justify.svg", "XML", 0, 0, 0, 0, 3, 0, 0, 0, 0, 3
"h:\SoftDev\xFRA\xFRA\icon\bootstrap\kanban-fill.svg", "XML", 0, 0, 0, 0, 3, 0, 0, 0, 0, 3
"h:\SoftDev\xFRA\xFRA\icon\bootstrap\kanban.svg", "XML", 0, 0, 0, 0, 4, 0, 0, 0, 0, 4
"h:\SoftDev\xFRA\xFRA\icon\bootstrap\key-fill.svg", "XML", 0, 0, 0, 0, 3, 0, 0, 0, 0, 3
"h:\SoftDev\xFRA\xFRA\icon\bootstrap\key.svg", "XML", 0, 0, 0, 0, 4, 0, 0, 0, 0, 4
"h:\SoftDev\xFRA\xFRA\icon\bootstrap\keyboard-fill.svg", "XML", 0, 0, 0, 0, 3, 0, 0, 0, 0, 3
"h:\SoftDev\xFRA\xFRA\icon\bootstrap\keyboard.svg", "XML", 0, 0, 0, 0, 4, 0, 0, 0, 0, 4
"h:\SoftDev\xFRA\xFRA\icon\bootstrap\ladder.svg", "XML", 0, 0, 0, 0, 3, 0, 0, 0, 0, 3
"h:\SoftDev\xFRA\xFRA\icon\bootstrap\lamp-fill.svg", "XML", 0, 0, 0, 0, 4, 0, 0, 0, 0, 4
"h:\SoftDev\xFRA\xFRA\icon\bootstrap\lamp.svg", "XML", 0, 0, 0, 0, 4, 0, 0, 0, 0, 4
"h:\SoftDev\xFRA\xFRA\icon\bootstrap\laptop-fill.svg", "XML", 0, 0, 0, 0, 3, 0, 0, 0, 0, 3
"h:\SoftDev\xFRA\xFRA\icon\bootstrap\laptop.svg", "XML", 0, 0, 0, 0, 3, 0, 0, 0, 0, 3
"h:\SoftDev\xFRA\xFRA\icon\bootstrap\layer-backward.svg", "XML", 0, 0, 0, 0, 4, 0, 0, 0, 0, 4
"h:\SoftDev\xFRA\xFRA\icon\bootstrap\layer-forward.svg", "XML", 0, 0, 0, 0, 4, 0, 0, 0, 0, 4
"h:\SoftDev\xFRA\xFRA\icon\bootstrap\layers-fill.svg", "XML", 0, 0, 0, 0, 4, 0, 0, 0, 0, 4
"h:\SoftDev\xFRA\xFRA\icon\bootstrap\layers-half.svg", "XML", 0, 0, 0, 0, 3, 0, 0, 0, 0, 3
"h:\SoftDev\xFRA\xFRA\icon\bootstrap\layers.svg", "XML", 0, 0, 0, 0, 3, 0, 0, 0, 0, 3
"h:\SoftDev\xFRA\xFRA\icon\bootstrap\layout-sidebar-inset-reverse.svg", "XML", 0, 0, 0, 0, 4, 0, 0, 0, 0, 4
"h:\SoftDev\xFRA\xFRA\icon\bootstrap\layout-sidebar-inset.svg", "XML", 0, 0, 0, 0, 4, 0, 0, 0, 0, 4
"h:\SoftDev\xFRA\xFRA\icon\bootstrap\layout-sidebar-reverse.svg", "XML", 0, 0, 0, 0, 3, 0, 0, 0, 0, 3
"h:\SoftDev\xFRA\xFRA\icon\bootstrap\layout-sidebar.svg", "XML", 0, 0, 0, 0, 3, 0, 0, 0, 0, 3
"h:\SoftDev\xFRA\xFRA\icon\bootstrap\layout-split.svg", "XML", 0, 0, 0, 0, 3, 0, 0, 0, 0, 3
"h:\SoftDev\xFRA\xFRA\icon\bootstrap\layout-text-sidebar-reverse.svg", "XML", 0, 0, 0, 0, 4, 0, 0, 0, 0, 4
"h:\SoftDev\xFRA\xFRA\icon\bootstrap\layout-text-sidebar.svg", "XML", 0, 0, 0, 0, 4, 0, 0, 0, 0, 4
"h:\SoftDev\xFRA\xFRA\icon\bootstrap\layout-text-window-reverse.svg", "XML", 0, 0, 0, 0, 4, 0, 0, 0, 0, 4
"h:\SoftDev\xFRA\xFRA\icon\bootstrap\layout-text-window.svg", "XML", 0, 0, 0, 0, 4, 0, 0, 0, 0, 4
"h:\SoftDev\xFRA\xFRA\icon\bootstrap\layout-three-columns.svg", "XML", 0, 0, 0, 0, 3, 0, 0, 0, 0, 3
"h:\SoftDev\xFRA\xFRA\icon\bootstrap\layout-wtf.svg", "XML", 0, 0, 0, 0, 3, 0, 0, 0, 0, 3
"h:\SoftDev\xFRA\xFRA\icon\bootstrap\leaf-fill.svg", "XML", 0, 0, 0, 0, 3, 0, 0, 0, 0, 3
"h:\SoftDev\xFRA\xFRA\icon\bootstrap\leaf.svg", "XML", 0, 0, 0, 0, 3, 0, 0, 0, 0, 3
"h:\SoftDev\xFRA\xFRA\icon\bootstrap\life-preserver.svg", "XML", 0, 0, 0, 0, 3, 0, 0, 0, 0, 3
"h:\SoftDev\xFRA\xFRA\icon\bootstrap\lightbulb-fill.svg", "XML", 0, 0, 0, 0, 3, 0, 0, 0, 0, 3
"h:\SoftDev\xFRA\xFRA\icon\bootstrap\lightbulb-off-fill.svg", "XML", 0, 0, 0, 0, 3, 0, 0, 0, 0, 3
"h:\SoftDev\xFRA\xFRA\icon\bootstrap\lightbulb-off.svg", "XML", 0, 0, 0, 0, 3, 0, 0, 0, 0, 3
"h:\SoftDev\xFRA\xFRA\icon\bootstrap\lightbulb.svg", "XML", 0, 0, 0, 0, 3, 0, 0, 0, 0, 3
"h:\SoftDev\xFRA\xFRA\icon\bootstrap\lightning-charge-fill.svg", "XML", 0, 0, 0, 0, 3, 0, 0, 0, 0, 3
"h:\SoftDev\xFRA\xFRA\icon\bootstrap\lightning-charge.svg", "XML", 0, 0, 0, 0, 3, 0, 0, 0, 0, 3
"h:\SoftDev\xFRA\xFRA\icon\bootstrap\lightning-fill.svg", "XML", 0, 0, 0, 0, 3, 0, 0, 0, 0, 3
"h:\SoftDev\xFRA\xFRA\icon\bootstrap\lightning.svg", "XML", 0, 0, 0, 0, 3, 0, 0, 0, 0, 3
"h:\SoftDev\xFRA\xFRA\icon\bootstrap\line.svg", "XML", 0, 0, 0, 0, 3, 0, 0, 0, 0, 3
"h:\SoftDev\xFRA\xFRA\icon\bootstrap\link-45deg.svg", "XML", 0, 0, 0, 0, 4, 0, 0, 0, 0, 4
"h:\SoftDev\xFRA\xFRA\icon\bootstrap\link.svg", "XML", 0, 0, 0, 0, 4, 0, 0, 0, 0, 4
"h:\SoftDev\xFRA\xFRA\icon\bootstrap\linkedin.svg", "XML", 0, 0, 0, 0, 3, 0, 0, 0, 0, 3
"h:\SoftDev\xFRA\xFRA\icon\bootstrap\list-check.svg", "XML", 0, 0, 0, 0, 3, 0, 0, 0, 0, 3
"h:\SoftDev\xFRA\xFRA\icon\bootstrap\list-columns-reverse.svg", "XML", 0, 0, 0, 0, 3, 0, 0, 0, 0, 3
"h:\SoftDev\xFRA\xFRA\icon\bootstrap\list-columns.svg", "XML", 0, 0, 0, 0, 3, 0, 0, 0, 0, 3
"h:\SoftDev\xFRA\xFRA\icon\bootstrap\list-nested.svg", "XML", 0, 0, 0, 0, 3, 0, 0, 0, 0, 3
"h:\SoftDev\xFRA\xFRA\icon\bootstrap\list-ol.svg", "XML", 0, 0, 0, 0, 4, 0, 0, 0, 0, 4
"h:\SoftDev\xFRA\xFRA\icon\bootstrap\list-stars.svg", "XML", 0, 0, 0, 0, 4, 0, 0, 0, 0, 4
"h:\SoftDev\xFRA\xFRA\icon\bootstrap\list-task.svg", "XML", 0, 0, 0, 0, 5, 0, 0, 0, 0, 5
"h:\SoftDev\xFRA\xFRA\icon\bootstrap\list-ul.svg", "XML", 0, 0, 0, 0, 3, 0, 0, 0, 0, 3
"h:\SoftDev\xFRA\xFRA\icon\bootstrap\list.svg", "XML", 0, 0, 0, 0, 3, 0, 0, 0, 0, 3
"h:\SoftDev\xFRA\xFRA\icon\bootstrap\lock-fill.svg", "XML", 0, 0, 0, 0, 3, 0, 0, 0, 0, 3
"h:\SoftDev\xFRA\xFRA\icon\bootstrap\lock.svg", "XML", 0, 0, 0, 0, 3, 0, 0, 0, 0, 3
"h:\SoftDev\xFRA\xFRA\icon\bootstrap\luggage-fill.svg", "XML", 0, 0, 0, 0, 4, 0, 0, 0, 0, 4
"h:\SoftDev\xFRA\xFRA\icon\bootstrap\luggage.svg", "XML", 0, 0, 0, 0, 4, 0, 0, 0, 0, 4
"h:\SoftDev\xFRA\xFRA\icon\bootstrap\lungs-fill.svg", "XML", 0, 0, 0, 0, 3, 0, 0, 0, 0, 3
"h:\SoftDev\xFRA\xFRA\icon\bootstrap\lungs.svg", "XML", 0, 0, 0, 0, 3, 0, 0, 0, 0, 3
"h:\SoftDev\xFRA\xFRA\icon\bootstrap\magic.svg", "XML", 0, 0, 0, 0, 3, 0, 0, 0, 0, 3
"h:\SoftDev\xFRA\xFRA\icon\bootstrap\magnet-fill.svg", "XML", 0, 0, 0, 0, 3, 0, 0, 0, 0, 3
"h:\SoftDev\xFRA\xFRA\icon\bootstrap\magnet.svg", "XML", 0, 0, 0, 0, 3, 0, 0, 0, 0, 3
"h:\SoftDev\xFRA\xFRA\icon\bootstrap\mailbox-flag.svg", "XML", 0, 0, 0, 0, 4, 0, 0, 0, 0, 4
"h:\SoftDev\xFRA\xFRA\icon\bootstrap\mailbox.svg", "XML", 0, 0, 0, 0, 4, 0, 0, 0, 0, 4
"h:\SoftDev\xFRA\xFRA\icon\bootstrap\mailbox2-flag.svg", "XML", 0, 0, 0, 0, 4, 0, 0, 0, 0, 4
"h:\SoftDev\xFRA\xFRA\icon\bootstrap\mailbox2.svg", "XML", 0, 0, 0, 0, 4, 0, 0, 0, 0, 4
"h:\SoftDev\xFRA\xFRA\icon\bootstrap\map-fill.svg", "XML", 0, 0, 0, 0, 3, 0, 0, 0, 0, 3
"h:\SoftDev\xFRA\xFRA\icon\bootstrap\map.svg", "XML", 0, 0, 0, 0, 3, 0, 0, 0, 0, 3
"h:\SoftDev\xFRA\xFRA\icon\bootstrap\markdown-fill.svg", "XML", 0, 0, 0, 0, 3, 0, 0, 0, 0, 3
"h:\SoftDev\xFRA\xFRA\icon\bootstrap\markdown.svg", "XML", 0, 0, 0, 0, 6, 0, 0, 0, 0, 6
"h:\SoftDev\xFRA\xFRA\icon\bootstrap\marker-tip.svg", "XML", 0, 0, 0, 0, 3, 0, 0, 0, 0, 3
"h:\SoftDev\xFRA\xFRA\icon\bootstrap\mask.svg", "XML", 0, 0, 0, 0, 3, 0, 0, 0, 0, 3
"h:\SoftDev\xFRA\xFRA\icon\bootstrap\mastodon.svg", "XML", 0, 0, 0, 0, 3, 0, 0, 0, 0, 3
"h:\SoftDev\xFRA\xFRA\icon\bootstrap\measuring-cup-fill.svg", "XML", 0, 0, 0, 0, 3, 0, 0, 0, 0, 3
"h:\SoftDev\xFRA\xFRA\icon\bootstrap\measuring-cup.svg", "XML", 0, 0, 0, 0, 3, 0, 0, 0, 0, 3
"h:\SoftDev\xFRA\xFRA\icon\bootstrap\medium.svg", "XML", 0, 0, 0, 0, 3, 0, 0, 0, 0, 3
"h:\SoftDev\xFRA\xFRA\icon\bootstrap\megaphone-fill.svg", "XML", 0, 0, 0, 0, 3, 0, 0, 0, 0, 3
"h:\SoftDev\xFRA\xFRA\icon\bootstrap\megaphone.svg", "XML", 0, 0, 0, 0, 3, 0, 0, 0, 0, 3
"h:\SoftDev\xFRA\xFRA\icon\bootstrap\memory.svg", "XML", 0, 0, 0, 0, 3, 0, 0, 0, 0, 3
"h:\SoftDev\xFRA\xFRA\icon\bootstrap\menu-app-fill.svg", "XML", 0, 0, 0, 0, 3, 0, 0, 0, 0, 3
"h:\SoftDev\xFRA\xFRA\icon\bootstrap\menu-app.svg", "XML", 0, 0, 0, 0, 3, 0, 0, 0, 0, 3
"h:\SoftDev\xFRA\xFRA\icon\bootstrap\menu-button-fill.svg", "XML", 0, 0, 0, 0, 3, 0, 0, 0, 0, 3
"h:\SoftDev\xFRA\xFRA\icon\bootstrap\menu-button-wide-fill.svg", "XML", 0, 0, 0, 0, 3, 0, 0, 0, 0, 3
"h:\SoftDev\xFRA\xFRA\icon\bootstrap\menu-button-wide.svg", "XML", 0, 0, 0, 0, 4, 0, 0, 0, 0, 4
"h:\SoftDev\xFRA\xFRA\icon\bootstrap\menu-button.svg", "XML", 0, 0, 0, 0, 4, 0, 0, 0, 0, 4
"h:\SoftDev\xFRA\xFRA\icon\bootstrap\menu-down.svg", "XML", 0, 0, 0, 0, 3, 0, 0, 0, 0, 3
"h:\SoftDev\xFRA\xFRA\icon\bootstrap\menu-up.svg", "XML", 0, 0, 0, 0, 3, 0, 0, 0, 0, 3
"h:\SoftDev\xFRA\xFRA\icon\bootstrap\messenger.svg", "XML", 0, 0, 0, 0, 3, 0, 0, 0, 0, 3
"h:\SoftDev\xFRA\xFRA\icon\bootstrap\meta.svg", "XML", 0, 0, 0, 0, 3, 0, 0, 0, 0, 3
"h:\SoftDev\xFRA\xFRA\icon\bootstrap\mic-fill.svg", "XML", 0, 0, 0, 0, 4, 0, 0, 0, 0, 4
"h:\SoftDev\xFRA\xFRA\icon\bootstrap\mic-mute-fill.svg", "XML", 0, 0, 0, 0, 4, 0, 0, 0, 0, 4
"h:\SoftDev\xFRA\xFRA\icon\bootstrap\mic-mute.svg", "XML", 0, 0, 0, 0, 4, 0, 0, 0, 0, 4
"h:\SoftDev\xFRA\xFRA\icon\bootstrap\mic.svg", "XML", 0, 0, 0, 0, 4, 0, 0, 0, 0, 4
"h:\SoftDev\xFRA\xFRA\icon\bootstrap\microsoft-teams.svg", "XML", 0, 0, 0, 0, 4, 0, 0, 0, 0, 4
"h:\SoftDev\xFRA\xFRA\icon\bootstrap\microsoft.svg", "XML", 0, 0, 0, 0, 3, 0, 0, 0, 0, 3
"h:\SoftDev\xFRA\xFRA\icon\bootstrap\minecart-loaded.svg", "XML", 0, 0, 0, 0, 4, 0, 0, 0, 0, 4
"h:\SoftDev\xFRA\xFRA\icon\bootstrap\minecart.svg", "XML", 0, 0, 0, 0, 3, 0, 0, 0, 0, 3
"h:\SoftDev\xFRA\xFRA\icon\bootstrap\modem-fill.svg", "XML", 0, 0, 0, 0, 3, 0, 0, 0, 0, 3
"h:\SoftDev\xFRA\xFRA\icon\bootstrap\modem.svg", "XML", 0, 0, 0, 0, 4, 0, 0, 0, 0, 4
"h:\SoftDev\xFRA\xFRA\icon\bootstrap\moisture.svg", "XML", 0, 0, 0, 0, 3, 0, 0, 0, 0, 3
"h:\SoftDev\xFRA\xFRA\icon\bootstrap\moon-fill.svg", "XML", 0, 0, 0, 0, 3, 0, 0, 0, 0, 3
"h:\SoftDev\xFRA\xFRA\icon\bootstrap\moon-stars-fill.svg", "XML", 0, 0, 0, 0, 4, 0, 0, 0, 0, 4
"h:\SoftDev\xFRA\xFRA\icon\bootstrap\moon-stars.svg", "XML", 0, 0, 0, 0, 4, 0, 0, 0, 0, 4
"h:\SoftDev\xFRA\xFRA\icon\bootstrap\moon.svg", "XML", 0, 0, 0, 0, 3, 0, 0, 0, 0, 3
"h:\SoftDev\xFRA\xFRA\icon\bootstrap\mortarboard-fill.svg", "XML", 0, 0, 0, 0, 4, 0, 0, 0, 0, 4
"h:\SoftDev\xFRA\xFRA\icon\bootstrap\mortarboard.svg", "XML", 0, 0, 0, 0, 4, 0, 0, 0, 0, 4
"h:\SoftDev\xFRA\xFRA\icon\bootstrap\motherboard-fill.svg", "XML", 0, 0, 0, 0, 4, 0, 0, 0, 0, 4
"h:\SoftDev\xFRA\xFRA\icon\bootstrap\motherboard.svg", "XML", 0, 0, 0, 0, 4, 0, 0, 0, 0, 4
"h:\SoftDev\xFRA\xFRA\icon\bootstrap\mouse-fill.svg", "XML", 0, 0, 0, 0, 3, 0, 0, 0, 0, 3
"h:\SoftDev\xFRA\xFRA\icon\bootstrap\mouse.svg", "XML", 0, 0, 0, 0, 3, 0, 0, 0, 0, 3
"h:\SoftDev\xFRA\xFRA\icon\bootstrap\mouse2-fill.svg", "XML", 0, 0, 0, 0, 3, 0, 0, 0, 0, 3
"h:\SoftDev\xFRA\xFRA\icon\bootstrap\mouse2.svg", "XML", 0, 0, 0, 0, 3, 0, 0, 0, 0, 3
"h:\SoftDev\xFRA\xFRA\icon\bootstrap\mouse3-fill.svg", "XML", 0, 0, 0, 0, 3, 0, 0, 0, 0, 3
"h:\SoftDev\xFRA\xFRA\icon\bootstrap\mouse3.svg", "XML", 0, 0, 0, 0, 3, 0, 0, 0, 0, 3
"h:\SoftDev\xFRA\xFRA\icon\bootstrap\music-note-beamed.svg", "XML", 0, 0, 0, 0, 5, 0, 0, 0, 0, 5
"h:\SoftDev\xFRA\xFRA\icon\bootstrap\music-note-list.svg", "XML", 0, 0, 0, 0, 6, 0, 0, 0, 0, 6
"h:\SoftDev\xFRA\xFRA\icon\bootstrap\music-note.svg", "XML", 0, 0, 0, 0, 5, 0, 0, 0, 0, 5
"h:\SoftDev\xFRA\xFRA\icon\bootstrap\music-player-fill.svg", "XML", 0, 0, 0, 0, 4, 0, 0, 0, 0, 4
"h:\SoftDev\xFRA\xFRA\icon\bootstrap\music-player.svg", "XML", 0, 0, 0, 0, 5, 0, 0, 0, 0, 5
"h:\SoftDev\xFRA\xFRA\icon\bootstrap\newspaper.svg", "XML", 0, 0, 0, 0, 4, 0, 0, 0, 0, 4
"h:\SoftDev\xFRA\xFRA\icon\bootstrap\nintendo-switch.svg", "XML", 0, 0, 0, 0, 4, 0, 0, 0, 0, 4
"h:\SoftDev\xFRA\xFRA\icon\bootstrap\node-minus-fill.svg", "XML", 0, 0, 0, 0, 3, 0, 0, 0, 0, 3
"h:\SoftDev\xFRA\xFRA\icon\bootstrap\node-minus.svg", "XML", 0, 0, 0, 0, 3, 0, 0, 0, 0, 3
"h:\SoftDev\xFRA\xFRA\icon\bootstrap\node-plus-fill.svg", "XML", 0, 0, 0, 0, 3, 0, 0, 0, 0, 3
"h:\SoftDev\xFRA\xFRA\icon\bootstrap\node-plus.svg", "XML", 0, 0, 0, 0, 3, 0, 0, 0, 0, 3
"h:\SoftDev\xFRA\xFRA\icon\bootstrap\noise-reduction.svg", "XML", 0, 0, 0, 0, 4, 0, 0, 0, 0, 4
"h:\SoftDev\xFRA\xFRA\icon\bootstrap\nut-fill.svg", "XML", 0, 0, 0, 0, 3, 0, 0, 0, 0, 3
"h:\SoftDev\xFRA\xFRA\icon\bootstrap\nut.svg", "XML", 0, 0, 0, 0, 4, 0, 0, 0, 0, 4
"h:\SoftDev\xFRA\xFRA\icon\bootstrap\nvidia.svg", "XML", 0, 0, 0, 0, 3, 0, 0, 0, 0, 3
"h:\SoftDev\xFRA\xFRA\icon\bootstrap\nvme-fill.svg", "XML", 0, 0, 0, 0, 4, 0, 0, 0, 0, 4
"h:\SoftDev\xFRA\xFRA\icon\bootstrap\nvme.svg", "XML", 0, 0, 0, 0, 4, 0, 0, 0, 0, 4
"h:\SoftDev\xFRA\xFRA\icon\bootstrap\octagon-fill.svg", "XML", 0, 0, 0, 0, 3, 0, 0, 0, 0, 3
"h:\SoftDev\xFRA\xFRA\icon\bootstrap\octagon-half.svg", "XML", 0, 0, 0, 0, 3, 0, 0, 0, 0, 3
"h:\SoftDev\xFRA\xFRA\icon\bootstrap\octagon.svg", "XML", 0, 0, 0, 0, 3, 0, 0, 0, 0, 3
"h:\SoftDev\xFRA\xFRA\icon\bootstrap\openai.svg", "XML", 0, 0, 0, 0, 3, 0, 0, 0, 0, 3
"h:\SoftDev\xFRA\xFRA\icon\bootstrap\opencollective.svg", "XML", 0, 0, 0, 0, 4, 0, 0, 0, 0, 4
"h:\SoftDev\xFRA\xFRA\icon\bootstrap\optical-audio-fill.svg", "XML", 0, 0, 0, 0, 4, 0, 0, 0, 0, 4
"h:\SoftDev\xFRA\xFRA\icon\bootstrap\optical-audio.svg", "XML", 0, 0, 0, 0, 5, 0, 0, 0, 0, 5
"h:\SoftDev\xFRA\xFRA\icon\bootstrap\option.svg", "XML", 0, 0, 0, 0, 3, 0, 0, 0, 0, 3
"h:\SoftDev\xFRA\xFRA\icon\bootstrap\outlet.svg", "XML", 0, 0, 0, 0, 4, 0, 0, 0, 0, 4
"h:\SoftDev\xFRA\xFRA\icon\bootstrap\p-circle-fill.svg", "XML", 0, 0, 0, 0, 3, 0, 0, 0, 0, 3
"h:\SoftDev\xFRA\xFRA\icon\bootstrap\p-circle.svg", "XML", 0, 0, 0, 0, 3, 0, 0, 0, 0, 3
"h:\SoftDev\xFRA\xFRA\icon\bootstrap\p-square-fill.svg", "XML", 0, 0, 0, 0, 4, 0, 0, 0, 0, 4
"h:\SoftDev\xFRA\xFRA\icon\bootstrap\p-square.svg", "XML", 0, 0, 0, 0, 4, 0, 0, 0, 0, 4
"h:\SoftDev\xFRA\xFRA\icon\bootstrap\paint-bucket.svg", "XML", 0, 0, 0, 0, 3, 0, 0, 0, 0, 3
"h:\SoftDev\xFRA\xFRA\icon\bootstrap\palette-fill.svg", "XML", 0, 0, 0, 0, 3, 0, 0, 0, 0, 3
"h:\SoftDev\xFRA\xFRA\icon\bootstrap\palette.svg", "XML", 0, 0, 0, 0, 4, 0, 0, 0, 0, 4
"h:\SoftDev\xFRA\xFRA\icon\bootstrap\palette2.svg", "XML", 0, 0, 0, 0, 3, 0, 0, 0, 0, 3
"h:\SoftDev\xFRA\xFRA\icon\bootstrap\paperclip.svg", "XML", 0, 0, 0, 0, 3, 0, 0, 0, 0, 3
"h:\SoftDev\xFRA\xFRA\icon\bootstrap\paragraph.svg", "XML", 0, 0, 0, 0, 3, 0, 0, 0, 0, 3
"h:\SoftDev\xFRA\xFRA\icon\bootstrap\pass-fill.svg", "XML", 0, 0, 0, 0, 3, 0, 0, 0, 0, 3
"h:\SoftDev\xFRA\xFRA\icon\bootstrap\pass.svg", "XML", 0, 0, 0, 0, 4, 0, 0, 0, 0, 4
"h:\SoftDev\xFRA\xFRA\icon\bootstrap\passport-fill.svg", "XML", 0, 0, 0, 0, 4, 0, 0, 0, 0, 4
"h:\SoftDev\xFRA\xFRA\icon\bootstrap\passport.svg", "XML", 0, 0, 0, 0, 4, 0, 0, 0, 0, 4
"h:\SoftDev\xFRA\xFRA\icon\bootstrap\patch-check-fill.svg", "XML", 0, 0, 0, 0, 3, 0, 0, 0, 0, 3
"h:\SoftDev\xFRA\xFRA\icon\bootstrap\patch-check.svg", "XML", 0, 0, 0, 0, 4, 0, 0, 0, 0, 4
"h:\SoftDev\xFRA\xFRA\icon\bootstrap\patch-exclamation-fill.svg", "XML", 0, 0, 0, 0, 3, 0, 0, 0, 0, 3
"h:\SoftDev\xFRA\xFRA\icon\bootstrap\patch-exclamation.svg", "XML", 0, 0, 0, 0, 4, 0, 0, 0, 0, 4
"h:\SoftDev\xFRA\xFRA\icon\bootstrap\patch-minus-fill.svg", "XML", 0, 0, 0, 0, 3, 0, 0, 0, 0, 3
"h:\SoftDev\xFRA\xFRA\icon\bootstrap\patch-minus.svg", "XML", 0, 0, 0, 0, 4, 0, 0, 0, 0, 4
"h:\SoftDev\xFRA\xFRA\icon\bootstrap\patch-plus-fill.svg", "XML", 0, 0, 0, 0, 3, 0, 0, 0, 0, 3
"h:\SoftDev\xFRA\xFRA\icon\bootstrap\patch-plus.svg", "XML", 0, 0, 0, 0, 4, 0, 0, 0, 0, 4
"h:\SoftDev\xFRA\xFRA\icon\bootstrap\patch-question-fill.svg", "XML", 0, 0, 0, 0, 3, 0, 0, 0, 0, 3
"h:\SoftDev\xFRA\xFRA\icon\bootstrap\patch-question.svg", "XML", 0, 0, 0, 0, 5, 0, 0, 0, 0, 5
"h:\SoftDev\xFRA\xFRA\icon\bootstrap\pause-btn-fill.svg", "XML", 0, 0, 0, 0, 3, 0, 0, 0, 0, 3
"h:\SoftDev\xFRA\xFRA\icon\bootstrap\pause-btn.svg", "XML", 0, 0, 0, 0, 4, 0, 0, 0, 0, 4
"h:\SoftDev\xFRA\xFRA\icon\bootstrap\pause-circle-fill.svg", "XML", 0, 0, 0, 0, 3, 0, 0, 0, 0, 3
"h:\SoftDev\xFRA\xFRA\icon\bootstrap\pause-circle.svg", "XML", 0, 0, 0, 0, 4, 0, 0, 0, 0, 4
"h:\SoftDev\xFRA\xFRA\icon\bootstrap\pause-fill.svg", "XML", 0, 0, 0, 0, 3, 0, 0, 0, 0, 3
"h:\SoftDev\xFRA\xFRA\icon\bootstrap\pause.svg", "XML", 0, 0, 0, 0, 3, 0, 0, 0, 0, 3
"h:\SoftDev\xFRA\xFRA\icon\bootstrap\paypal.svg", "XML", 0, 0, 0, 0, 3, 0, 0, 0, 0, 3
"h:\SoftDev\xFRA\xFRA\icon\bootstrap\pc-display-horizontal.svg", "XML", 0, 0, 0, 0, 3, 0, 0, 0, 0, 3
"h:\SoftDev\xFRA\xFRA\icon\bootstrap\pc-display.svg", "XML", 0, 0, 0, 0, 3, 0, 0, 0, 0, 3
"h:\SoftDev\xFRA\xFRA\icon\bootstrap\pc-horizontal.svg", "XML", 0, 0, 0, 0, 3, 0, 0, 0, 0, 3
"h:\SoftDev\xFRA\xFRA\icon\bootstrap\pc.svg", "XML", 0, 0, 0, 0, 3, 0, 0, 0, 0, 3
"h:\SoftDev\xFRA\xFRA\icon\bootstrap\pci-card-network.svg", "XML", 0, 0, 0, 0, 5, 0, 0, 0, 0, 5
"h:\SoftDev\xFRA\xFRA\icon\bootstrap\pci-card-sound.svg", "XML", 0, 0, 0, 0, 5, 0, 0, 0, 0, 5
"h:\SoftDev\xFRA\xFRA\icon\bootstrap\pci-card.svg", "XML", 0, 0, 0, 0, 4, 0, 0, 0, 0, 4
"h:\SoftDev\xFRA\xFRA\icon\bootstrap\peace-fill.svg", "XML", 0, 0, 0, 0, 3, 0, 0, 0, 0, 3
"h:\SoftDev\xFRA\xFRA\icon\bootstrap\peace.svg", "XML", 0, 0, 0, 0, 3, 0, 0, 0, 0, 3
"h:\SoftDev\xFRA\xFRA\icon\bootstrap\pen-fill.svg", "XML", 0, 0, 0, 0, 3, 0, 0, 0, 0, 3
"h:\SoftDev\xFRA\xFRA\icon\bootstrap\pen.svg", "XML", 0, 0, 0, 0, 3, 0, 0, 0, 0, 3
"h:\SoftDev\xFRA\xFRA\icon\bootstrap\pencil-fill.svg", "XML", 0, 0, 0, 0, 3, 0, 0, 0, 0, 3
"h:\SoftDev\xFRA\xFRA\icon\bootstrap\pencil-square.svg", "XML", 0, 0, 0, 0, 4, 0, 0, 0, 0, 4
"h:\SoftDev\xFRA\xFRA\icon\bootstrap\pencil.svg", "XML", 0, 0, 0, 0, 3, 0, 0, 0, 0, 3
"h:\SoftDev\xFRA\xFRA\icon\bootstrap\pentagon-fill.svg", "XML", 0, 0, 0, 0, 3, 0, 0, 0, 0, 3
"h:\SoftDev\xFRA\xFRA\icon\bootstrap\pentagon-half.svg", "XML", 0, 0, 0, 0, 3, 0, 0, 0, 0, 3
"h:\SoftDev\xFRA\xFRA\icon\bootstrap\pentagon.svg", "XML", 0, 0, 0, 0, 3, 0, 0, 0, 0, 3
"h:\SoftDev\xFRA\xFRA\icon\bootstrap\people-fill.svg", "XML", 0, 0, 0, 0, 3, 0, 0, 0, 0, 3
"h:\SoftDev\xFRA\xFRA\icon\bootstrap\people.svg", "XML", 0, 0, 0, 0, 3, 0, 0, 0, 0, 3
"h:\SoftDev\xFRA\xFRA\icon\bootstrap\percent.svg", "XML", 0, 0, 0, 0, 3, 0, 0, 0, 0, 3
"h:\SoftDev\xFRA\xFRA\icon\bootstrap\perplexity.svg", "XML", 0, 0, 0, 0, 3, 0, 0, 0, 0, 3
"h:\SoftDev\xFRA\xFRA\icon\bootstrap\person-add.svg", "XML", 0, 0, 0, 0, 4, 0, 0, 0, 0, 4
"h:\SoftDev\xFRA\xFRA\icon\bootstrap\person-arms-up.svg", "XML", 0, 0, 0, 0, 4, 0, 0, 0, 0, 4
"h:\SoftDev\xFRA\xFRA\icon\bootstrap\person-badge-fill.svg", "XML", 0, 0, 0, 0, 3, 0, 0, 0, 0, 3
"h:\SoftDev\xFRA\xFRA\icon\bootstrap\person-badge.svg", "XML", 0, 0, 0, 0, 4, 0, 0, 0, 0, 4
"h:\SoftDev\xFRA\xFRA\icon\bootstrap\person-bounding-box.svg", "XML", 0, 0, 0, 0, 4, 0, 0, 0, 0, 4
"h:\SoftDev\xFRA\xFRA\icon\bootstrap\person-check-fill.svg", "XML", 0, 0, 0, 0, 4, 0, 0, 0, 0, 4
"h:\SoftDev\xFRA\xFRA\icon\bootstrap\person-check.svg", "XML", 0, 0, 0, 0, 4, 0, 0, 0, 0, 4
"h:\SoftDev\xFRA\xFRA\icon\bootstrap\person-circle.svg", "XML", 0, 0, 0, 0, 4, 0, 0, 0, 0, 4
"h:\SoftDev\xFRA\xFRA\icon\bootstrap\person-dash-fill.svg", "XML", 0, 0, 0, 0, 4, 0, 0, 0, 0, 4
"h:\SoftDev\xFRA\xFRA\icon\bootstrap\person-dash.svg", "XML", 0, 0, 0, 0, 4, 0, 0, 0, 0, 4
"h:\SoftDev\xFRA\xFRA\icon\bootstrap\person-down.svg", "XML", 0, 0, 0, 0, 4, 0, 0, 0, 0, 4
"h:\SoftDev\xFRA\xFRA\icon\bootstrap\person-exclamation.svg", "XML", 0, 0, 0, 0, 4, 0, 0, 0, 0, 4
"h:\SoftDev\xFRA\xFRA\icon\bootstrap\person-fill-add.svg", "XML", 0, 0, 0, 0, 4, 0, 0, 0, 0, 4
"h:\SoftDev\xFRA\xFRA\icon\bootstrap\person-fill-check.svg", "XML", 0, 0, 0, 0, 4, 0, 0, 0, 0, 4
"h:\SoftDev\xFRA\xFRA\icon\bootstrap\person-fill-dash.svg", "XML", 0, 0, 0, 0, 4, 0, 0, 0, 0, 4
"h:\SoftDev\xFRA\xFRA\icon\bootstrap\person-fill-down.svg", "XML", 0, 0, 0, 0, 4, 0, 0, 0, 0, 4
"h:\SoftDev\xFRA\xFRA\icon\bootstrap\person-fill-exclamation.svg", "XML", 0, 0, 0, 0, 4, 0, 0, 0, 0, 4
"h:\SoftDev\xFRA\xFRA\icon\bootstrap\person-fill-gear.svg", "XML", 0, 0, 0, 0, 3, 0, 0, 0, 0, 3
"h:\SoftDev\xFRA\xFRA\icon\bootstrap\person-fill-lock.svg", "XML", 0, 0, 0, 0, 3, 0, 0, 0, 0, 3
"h:\SoftDev\xFRA\xFRA\icon\bootstrap\person-fill-slash.svg", "XML", 0, 0, 0, 0, 3, 0, 0, 0, 0, 3
"h:\SoftDev\xFRA\xFRA\icon\bootstrap\person-fill-up.svg", "XML", 0, 0, 0, 0, 4, 0, 0, 0, 0, 4
"h:\SoftDev\xFRA\xFRA\icon\bootstrap\person-fill-x.svg", "XML", 0, 0, 0, 0, 4, 0, 0, 0, 0, 4
"h:\SoftDev\xFRA\xFRA\icon\bootstrap\person-fill.svg", "XML", 0, 0, 0, 0, 3, 0, 0, 0, 0, 3
"h:\SoftDev\xFRA\xFRA\icon\bootstrap\person-gear.svg", "XML", 0, 0, 0, 0, 3, 0, 0, 0, 0, 3
"h:\SoftDev\xFRA\xFRA\icon\bootstrap\person-heart.svg", "XML", 0, 0, 0, 0, 3, 0, 0, 0, 0, 3
"h:\SoftDev\xFRA\xFRA\icon\bootstrap\person-hearts.svg", "XML", 0, 0, 0, 0, 3, 0, 0, 0, 0, 3
"h:\SoftDev\xFRA\xFRA\icon\bootstrap\person-lines-fill.svg", "XML", 0, 0, 0, 0, 3, 0, 0, 0, 0, 3
"h:\SoftDev\xFRA\xFRA\icon\bootstrap\person-lock.svg", "XML", 0, 0, 0, 0, 3, 0, 0, 0, 0, 3
"h:\SoftDev\xFRA\xFRA\icon\bootstrap\person-plus-fill.svg", "XML", 0, 0, 0, 0, 4, 0, 0, 0, 0, 4
"h:\SoftDev\xFRA\xFRA\icon\bootstrap\person-plus.svg", "XML", 0, 0, 0, 0, 4, 0, 0, 0, 0, 4
"h:\SoftDev\xFRA\xFRA\icon\bootstrap\person-raised-hand.svg", "XML", 0, 0, 0, 0, 4, 0, 0, 0, 0, 4
"h:\SoftDev\xFRA\xFRA\icon\bootstrap\person-rolodex.svg", "XML", 0, 0, 0, 0, 4, 0, 0, 0, 0, 4
"h:\SoftDev\xFRA\xFRA\icon\bootstrap\person-slash.svg", "XML", 0, 0, 0, 0, 3, 0, 0, 0, 0, 3
"h:\SoftDev\xFRA\xFRA\icon\bootstrap\person-square.svg", "XML", 0, 0, 0, 0, 4, 0, 0, 0, 0, 4
"h:\SoftDev\xFRA\xFRA\icon\bootstrap\person-standing-dress.svg", "XML", 0, 0, 0, 0, 3, 0, 0, 0, 0, 3
"h:\SoftDev\xFRA\xFRA\icon\bootstrap\person-standing.svg", "XML", 0, 0, 0, 0, 3, 0, 0, 0, 0, 3
"h:\SoftDev\xFRA\xFRA\icon\bootstrap\person-up.svg", "XML", 0, 0, 0, 0, 4, 0, 0, 0, 0, 4
"h:\SoftDev\xFRA\xFRA\icon\bootstrap\person-vcard-fill.svg", "XML", 0, 0, 0, 0, 3, 0, 0, 0, 0, 3
"h:\SoftDev\xFRA\xFRA\icon\bootstrap\person-vcard.svg", "XML", 0, 0, 0, 0, 4, 0, 0, 0, 0, 4
"h:\SoftDev\xFRA\xFRA\icon\bootstrap\person-video.svg", "XML", 0, 0, 0, 0, 4, 0, 0, 0, 0, 4
"h:\SoftDev\xFRA\xFRA\icon\bootstrap\person-video2.svg", "XML", 0, 0, 0, 0, 4, 0, 0, 0, 0, 4
"h:\SoftDev\xFRA\xFRA\icon\bootstrap\person-video3.svg", "XML", 0, 0, 0, 0, 4, 0, 0, 0, 0, 4
"h:\SoftDev\xFRA\xFRA\icon\bootstrap\person-walking.svg", "XML", 0, 0, 0, 0, 4, 0, 0, 0, 0, 4
"h:\SoftDev\xFRA\xFRA\icon\bootstrap\person-wheelchair.svg", "XML", 0, 0, 0, 0, 3, 0, 0, 0, 0, 3
"h:\SoftDev\xFRA\xFRA\icon\bootstrap\person-workspace.svg", "XML", 0, 0, 0, 0, 4, 0, 0, 0, 0, 4
"h:\SoftDev\xFRA\xFRA\icon\bootstrap\person-x-fill.svg", "XML", 0, 0, 0, 0, 3, 0, 0, 0, 0, 3
"h:\SoftDev\xFRA\xFRA\icon\bootstrap\person-x.svg", "XML", 0, 0, 0, 0, 4, 0, 0, 0, 0, 4
"h:\SoftDev\xFRA\xFRA\icon\bootstrap\person.svg", "XML", 0, 0, 0, 0, 3, 0, 0, 0, 0, 3
"h:\SoftDev\xFRA\xFRA\icon\bootstrap\phone-fill.svg", "XML", 0, 0, 0, 0, 3, 0, 0, 0, 0, 3
"h:\SoftDev\xFRA\xFRA\icon\bootstrap\phone-flip.svg", "XML", 0, 0, 0, 0, 3, 0, 0, 0, 0, 3
"h:\SoftDev\xFRA\xFRA\icon\bootstrap\phone-landscape-fill.svg", "XML", 0, 0, 0, 0, 3, 0, 0, 0, 0, 3
"h:\SoftDev\xFRA\xFRA\icon\bootstrap\phone-landscape.svg", "XML", 0, 0, 0, 0, 4, 0, 0, 0, 0, 4
"h:\SoftDev\xFRA\xFRA\icon\bootstrap\phone-vibrate-fill.svg", "XML", 0, 0, 0, 0, 3, 0, 0, 0, 0, 3
"h:\SoftDev\xFRA\xFRA\icon\bootstrap\phone-vibrate.svg", "XML", 0, 0, 0, 0, 4, 0, 0, 0, 0, 4
"h:\SoftDev\xFRA\xFRA\icon\bootstrap\phone.svg", "XML", 0, 0, 0, 0, 4, 0, 0, 0, 0, 4
"h:\SoftDev\xFRA\xFRA\icon\bootstrap\pie-chart-fill.svg", "XML", 0, 0, 0, 0, 3, 0, 0, 0, 0, 3
"h:\SoftDev\xFRA\xFRA\icon\bootstrap\pie-chart.svg", "XML", 0, 0, 0, 0, 3, 0, 0, 0, 0, 3
"h:\SoftDev\xFRA\xFRA\icon\bootstrap\piggy-bank-fill.svg", "XML", 0, 0, 0, 0, 3, 0, 0, 0, 0, 3
"h:\SoftDev\xFRA\xFRA\icon\bootstrap\piggy-bank.svg", "XML", 0, 0, 0, 0, 4, 0, 0, 0, 0, 4
"h:\SoftDev\xFRA\xFRA\icon\bootstrap\pin-angle-fill.svg", "XML", 0, 0, 0, 0, 3, 0, 0, 0, 0, 3
"h:\SoftDev\xFRA\xFRA\icon\bootstrap\pin-angle.svg", "XML", 0, 0, 0, 0, 3, 0, 0, 0, 0, 3
"h:\SoftDev\xFRA\xFRA\icon\bootstrap\pin-fill.svg", "XML", 0, 0, 0, 0, 3, 0, 0, 0, 0, 3
"h:\SoftDev\xFRA\xFRA\icon\bootstrap\pin-map-fill.svg", "XML", 0, 0, 0, 0, 4, 0, 0, 0, 0, 4
"h:\SoftDev\xFRA\xFRA\icon\bootstrap\pin-map.svg", "XML", 0, 0, 0, 0, 4, 0, 0, 0, 0, 4
"h:\SoftDev\xFRA\xFRA\icon\bootstrap\pin.svg", "XML", 0, 0, 0, 0, 3, 0, 0, 0, 0, 3
"h:\SoftDev\xFRA\xFRA\icon\bootstrap\pinterest.svg", "XML", 0, 0, 0, 0, 3, 0, 0, 0, 0, 3
"h:\SoftDev\xFRA\xFRA\icon\bootstrap\pip-fill.svg", "XML", 0, 0, 0, 0, 3, 0, 0, 0, 0, 3
"h:\SoftDev\xFRA\xFRA\icon\bootstrap\pip.svg", "XML", 0, 0, 0, 0, 4, 0, 0, 0, 0, 4
"h:\SoftDev\xFRA\xFRA\icon\bootstrap\play-btn-fill.svg", "XML", 0, 0, 0, 0, 3, 0, 0, 0, 0, 3
"h:\SoftDev\xFRA\xFRA\icon\bootstrap\play-btn.svg", "XML", 0, 0, 0, 0, 4, 0, 0, 0, 0, 4
"h:\SoftDev\xFRA\xFRA\icon\bootstrap\play-circle-fill.svg", "XML", 0, 0, 0, 0, 3, 0, 0, 0, 0, 3
"h:\SoftDev\xFRA\xFRA\icon\bootstrap\play-circle.svg", "XML", 0, 0, 0, 0, 4, 0, 0, 0, 0, 4
"h:\SoftDev\xFRA\xFRA\icon\bootstrap\play-fill.svg", "XML", 0, 0, 0, 0, 3, 0, 0, 0, 0, 3
"h:\SoftDev\xFRA\xFRA\icon\bootstrap\play.svg", "XML", 0, 0, 0, 0, 3, 0, 0, 0, 0, 3
"h:\SoftDev\xFRA\xFRA\icon\bootstrap\playstation.svg", "XML", 0, 0, 0, 0, 3, 0, 0, 0, 0, 3
"h:\SoftDev\xFRA\xFRA\icon\bootstrap\plug-fill.svg", "XML", 0, 0, 0, 0, 3, 0, 0, 0, 0, 3
"h:\SoftDev\xFRA\xFRA\icon\bootstrap\plug.svg", "XML", 0, 0, 0, 0, 3, 0, 0, 0, 0, 3
"h:\SoftDev\xFRA\xFRA\icon\bootstrap\plugin.svg", "XML", 0, 0, 0, 0, 3, 0, 0, 0, 0, 3
"h:\SoftDev\xFRA\xFRA\icon\bootstrap\plus-circle-dotted.svg", "XML", 0, 0, 0, 0, 3, 0, 0, 0, 0, 3
"h:\SoftDev\xFRA\xFRA\icon\bootstrap\plus-circle-fill.svg", "XML", 0, 0, 0, 0, 3, 0, 0, 0, 0, 3
"h:\SoftDev\xFRA\xFRA\icon\bootstrap\plus-circle.svg", "XML", 0, 0, 0, 0, 4, 0, 0, 0, 0, 4
"h:\SoftDev\xFRA\xFRA\icon\bootstrap\plus-lg.svg", "XML", 0, 0, 0, 0, 3, 0, 0, 0, 0, 3
"h:\SoftDev\xFRA\xFRA\icon\bootstrap\plus-slash-minus.svg", "XML", 0, 0, 0, 0, 3, 0, 0, 0, 0, 3
"h:\SoftDev\xFRA\xFRA\icon\bootstrap\plus-square-dotted.svg", "XML", 0, 0, 0, 0, 3, 0, 0, 0, 0, 3
"h:\SoftDev\xFRA\xFRA\icon\bootstrap\plus-square-fill.svg", "XML", 0, 0, 0, 0, 3, 0, 0, 0, 0, 3
"h:\SoftDev\xFRA\xFRA\icon\bootstrap\plus-square.svg", "XML", 0, 0, 0, 0, 4, 0, 0, 0, 0, 4
"h:\SoftDev\xFRA\xFRA\icon\bootstrap\plus.svg", "XML", 0, 0, 0, 0, 3, 0, 0, 0, 0, 3
"h:\SoftDev\xFRA\xFRA\icon\bootstrap\postage-fill.svg", "XML", 0, 0, 0, 0, 4, 0, 0, 0, 0, 4
"h:\SoftDev\xFRA\xFRA\icon\bootstrap\postage-heart-fill.svg", "XML", 0, 0, 0, 0, 4, 0, 0, 0, 0, 4
"h:\SoftDev\xFRA\xFRA\icon\bootstrap\postage-heart.svg", "XML", 0, 0, 0, 0, 4, 0, 0, 0, 0, 4
"h:\SoftDev\xFRA\xFRA\icon\bootstrap\postage.svg", "XML", 0, 0, 0, 0, 4, 0, 0, 0, 0, 4
"h:\SoftDev\xFRA\xFRA\icon\bootstrap\postcard-fill.svg", "XML", 0, 0, 0, 0, 4, 0, 0, 0, 0, 4
"h:\SoftDev\xFRA\xFRA\icon\bootstrap\postcard-heart-fill.svg", "XML", 0, 0, 0, 0, 3, 0, 0, 0, 0, 3
"h:\SoftDev\xFRA\xFRA\icon\bootstrap\postcard-heart.svg", "XML", 0, 0, 0, 0, 4, 0, 0, 0, 0, 4
"h:\SoftDev\xFRA\xFRA\icon\bootstrap\postcard.svg", "XML", 0, 0, 0, 0, 3, 0, 0, 0, 0, 3
"h:\SoftDev\xFRA\xFRA\icon\bootstrap\power.svg", "XML", 0, 0, 0, 0, 4, 0, 0, 0, 0, 4
"h:\SoftDev\xFRA\xFRA\icon\bootstrap\prescription.svg", "XML", 0, 0, 0, 0, 4, 0, 0, 0, 0, 4
"h:\SoftDev\xFRA\xFRA\icon\bootstrap\prescription2.svg", "XML", 0, 0, 0, 0, 4, 0, 0, 0, 0, 4
"h:\SoftDev\xFRA\xFRA\icon\bootstrap\printer-fill.svg", "XML", 0, 0, 0, 0, 4, 0, 0, 0, 0, 4
"h:\SoftDev\xFRA\xFRA\icon\bootstrap\printer.svg", "XML", 0, 0, 0, 0, 4, 0, 0, 0, 0, 4
"h:\SoftDev\xFRA\xFRA\icon\bootstrap\projector-fill.svg", "XML", 0, 0, 0, 0, 3, 0, 0, 0, 0, 3
"h:\SoftDev\xFRA\xFRA\icon\bootstrap\projector.svg", "XML", 0, 0, 0, 0, 4, 0, 0, 0, 0, 4
"h:\SoftDev\xFRA\xFRA\icon\bootstrap\puzzle-fill.svg", "XML", 0, 0, 0, 0, 3, 0, 0, 0, 0, 3
"h:\SoftDev\xFRA\xFRA\icon\bootstrap\puzzle.svg", "XML", 0, 0, 0, 0, 3, 0, 0, 0, 0, 3
"h:\SoftDev\xFRA\xFRA\icon\bootstrap\qr-code-scan.svg", "XML", 0, 0, 0, 0, 7, 0, 0, 0, 0, 7
"h:\SoftDev\xFRA\xFRA\icon\bootstrap\qr-code.svg", "XML", 0, 0, 0, 0, 7, 0, 0, 0, 0, 7
"h:\SoftDev\xFRA\xFRA\icon\bootstrap\question-circle-fill.svg", "XML", 0, 0, 0, 0, 3, 0, 0, 0, 0, 3
"h:\SoftDev\xFRA\xFRA\icon\bootstrap\question-circle.svg", "XML", 0, 0, 0, 0, 4, 0, 0, 0, 0, 4
"h:\SoftDev\xFRA\xFRA\icon\bootstrap\question-diamond-fill.svg", "XML", 0, 0, 0, 0, 3, 0, 0, 0, 0, 3
"h:\SoftDev\xFRA\xFRA\icon\bootstrap\question-diamond.svg", "XML", 0, 0, 0, 0, 4, 0, 0, 0, 0, 4
"h:\SoftDev\xFRA\xFRA\icon\bootstrap\question-lg.svg", "XML", 0, 0, 0, 0, 3, 0, 0, 0, 0, 3
"h:\SoftDev\xFRA\xFRA\icon\bootstrap\question-octagon-fill.svg", "XML", 0, 0, 0, 0, 3, 0, 0, 0, 0, 3
"h:\SoftDev\xFRA\xFRA\icon\bootstrap\question-octagon.svg", "XML", 0, 0, 0, 0, 4, 0, 0, 0, 0, 4
"h:\SoftDev\xFRA\xFRA\icon\bootstrap\question-square-fill.svg", "XML", 0, 0, 0, 0, 3, 0, 0, 0, 0, 3
"h:\SoftDev\xFRA\xFRA\icon\bootstrap\question-square.svg", "XML", 0, 0, 0, 0, 4, 0, 0, 0, 0, 4
"h:\SoftDev\xFRA\xFRA\icon\bootstrap\question.svg", "XML", 0, 0, 0, 0, 3, 0, 0, 0, 0, 3
"h:\SoftDev\xFRA\xFRA\icon\bootstrap\quora.svg", "XML", 0, 0, 0, 0, 3, 0, 0, 0, 0, 3
"h:\SoftDev\xFRA\xFRA\icon\bootstrap\quote.svg", "XML", 0, 0, 0, 0, 3, 0, 0, 0, 0, 3
"h:\SoftDev\xFRA\xFRA\icon\bootstrap\r-circle-fill.svg", "XML", 0, 0, 0, 0, 3, 0, 0, 0, 0, 3
"h:\SoftDev\xFRA\xFRA\icon\bootstrap\r-circle.svg", "XML", 0, 0, 0, 0, 3, 0, 0, 0, 0, 3
"h:\SoftDev\xFRA\xFRA\icon\bootstrap\r-square-fill.svg", "XML", 0, 0, 0, 0, 4, 0, 0, 0, 0, 4
"h:\SoftDev\xFRA\xFRA\icon\bootstrap\r-square.svg", "XML", 0, 0, 0, 0, 4, 0, 0, 0, 0, 4
"h:\SoftDev\xFRA\xFRA\icon\bootstrap\radar.svg", "XML", 0, 0, 0, 0, 3, 0, 0, 0, 0, 3
"h:\SoftDev\xFRA\xFRA\icon\bootstrap\radioactive.svg", "XML", 0, 0, 0, 0, 4, 0, 0, 0, 0, 4
"h:\SoftDev\xFRA\xFRA\icon\bootstrap\rainbow.svg", "XML", 0, 0, 0, 0, 3, 0, 0, 0, 0, 3
"h:\SoftDev\xFRA\xFRA\icon\bootstrap\receipt-cutoff.svg", "XML", 0, 0, 0, 0, 4, 0, 0, 0, 0, 4
"h:\SoftDev\xFRA\xFRA\icon\bootstrap\receipt.svg", "XML", 0, 0, 0, 0, 4, 0, 0, 0, 0, 4
"h:\SoftDev\xFRA\xFRA\icon\bootstrap\reception-0.svg", "XML", 0, 0, 0, 0, 3, 0, 0, 0, 0, 3
"h:\SoftDev\xFRA\xFRA\icon\bootstrap\reception-1.svg", "XML", 0, 0, 0, 0, 3, 0, 0, 0, 0, 3
"h:\SoftDev\xFRA\xFRA\icon\bootstrap\reception-2.svg", "XML", 0, 0, 0, 0, 3, 0, 0, 0, 0, 3
"h:\SoftDev\xFRA\xFRA\icon\bootstrap\reception-3.svg", "XML", 0, 0, 0, 0, 3, 0, 0, 0, 0, 3
"h:\SoftDev\xFRA\xFRA\icon\bootstrap\reception-4.svg", "XML", 0, 0, 0, 0, 3, 0, 0, 0, 0, 3
"h:\SoftDev\xFRA\xFRA\icon\bootstrap\record-btn-fill.svg", "XML", 0, 0, 0, 0, 3, 0, 0, 0, 0, 3
"h:\SoftDev\xFRA\xFRA\icon\bootstrap\record-btn.svg", "XML", 0, 0, 0, 0, 4, 0, 0, 0, 0, 4
"h:\SoftDev\xFRA\xFRA\icon\bootstrap\record-circle-fill.svg", "XML", 0, 0, 0, 0, 3, 0, 0, 0, 0, 3
"h:\SoftDev\xFRA\xFRA\icon\bootstrap\record-circle.svg", "XML", 0, 0, 0, 0, 4, 0, 0, 0, 0, 4
"h:\SoftDev\xFRA\xFRA\icon\bootstrap\record-fill.svg", "XML", 0, 0, 0, 0, 3, 0, 0, 0, 0, 3
"h:\SoftDev\xFRA\xFRA\icon\bootstrap\record.svg", "XML", 0, 0, 0, 0, 3, 0, 0, 0, 0, 3
"h:\SoftDev\xFRA\xFRA\icon\bootstrap\record2-fill.svg", "XML", 0, 0, 0, 0, 4, 0, 0, 0, 0, 4
"h:\SoftDev\xFRA\xFRA\icon\bootstrap\record2.svg", "XML", 0, 0, 0, 0, 4, 0, 0, 0, 0, 4
"h:\SoftDev\xFRA\xFRA\icon\bootstrap\recycle.svg", "XML", 0, 0, 0, 0, 3, 0, 0, 0, 0, 3
"h:\SoftDev\xFRA\xFRA\icon\bootstrap\reddit.svg", "XML", 0, 0, 0, 0, 4, 0, 0, 0, 0, 4
"h:\SoftDev\xFRA\xFRA\icon\bootstrap\regex.svg", "XML", 0, 0, 0, 0, 3, 0, 0, 0, 0, 3
"h:\SoftDev\xFRA\xFRA\icon\bootstrap\repeat-1.svg", "XML", 0, 0, 0, 0, 4, 0, 0, 0, 0, 4
"h:\SoftDev\xFRA\xFRA\icon\bootstrap\repeat.svg", "XML", 0, 0, 0, 0, 3, 0, 0, 0, 0, 3
"h:\SoftDev\xFRA\xFRA\icon\bootstrap\reply-all-fill.svg", "XML", 0, 0, 0, 0, 4, 0, 0, 0, 0, 4
"h:\SoftDev\xFRA\xFRA\icon\bootstrap\reply-all.svg", "XML", 0, 0, 0, 0, 4, 0, 0, 0, 0, 4
"h:\SoftDev\xFRA\xFRA\icon\bootstrap\reply-fill.svg", "XML", 0, 0, 0, 0, 3, 0, 0, 0, 0, 3
"h:\SoftDev\xFRA\xFRA\icon\bootstrap\reply.svg", "XML", 0, 0, 0, 0, 3, 0, 0, 0, 0, 3
"h:\SoftDev\xFRA\xFRA\icon\bootstrap\rewind-btn-fill.svg", "XML", 0, 0, 0, 0, 3, 0, 0, 0, 0, 3
"h:\SoftDev\xFRA\xFRA\icon\bootstrap\rewind-btn.svg", "XML", 0, 0, 0, 0, 4, 0, 0, 0, 0, 4
"h:\SoftDev\xFRA\xFRA\icon\bootstrap\rewind-circle-fill.svg", "XML", 0, 0, 0, 0, 3, 0, 0, 0, 0, 3
"h:\SoftDev\xFRA\xFRA\icon\bootstrap\rewind-circle.svg", "XML", 0, 0, 0, 0, 4, 0, 0, 0, 0, 4
"h:\SoftDev\xFRA\xFRA\icon\bootstrap\rewind-fill.svg", "XML", 0, 0, 0, 0, 4, 0, 0, 0, 0, 4
"h:\SoftDev\xFRA\xFRA\icon\bootstrap\rewind.svg", "XML", 0, 0, 0, 0, 4, 0, 0, 0, 0, 4
"h:\SoftDev\xFRA\xFRA\icon\bootstrap\robot.svg", "XML", 0, 0, 0, 0, 4, 0, 0, 0, 0, 4
"h:\SoftDev\xFRA\xFRA\icon\bootstrap\rocket-fill.svg", "XML", 0, 0, 0, 0, 4, 0, 0, 0, 0, 4
"h:\SoftDev\xFRA\xFRA\icon\bootstrap\rocket-takeoff-fill.svg", "XML", 0, 0, 0, 0, 4, 0, 0, 0, 0, 4
"h:\SoftDev\xFRA\xFRA\icon\bootstrap\rocket-takeoff.svg", "XML", 0, 0, 0, 0, 5, 0, 0, 0, 0, 5
"h:\SoftDev\xFRA\xFRA\icon\bootstrap\rocket.svg", "XML", 0, 0, 0, 0, 5, 0, 0, 0, 0, 5
"h:\SoftDev\xFRA\xFRA\icon\bootstrap\router-fill.svg", "XML", 0, 0, 0, 0, 6, 0, 0, 0, 0, 6
"h:\SoftDev\xFRA\xFRA\icon\bootstrap\router.svg", "XML", 0, 0, 0, 0, 6, 0, 0, 0, 0, 6
"h:\SoftDev\xFRA\xFRA\icon\bootstrap\rss-fill.svg", "XML", 0, 0, 0, 0, 3, 0, 0, 0, 0, 3
"h:\SoftDev\xFRA\xFRA\icon\bootstrap\rss.svg", "XML", 0, 0, 0, 0, 4, 0, 0, 0, 0, 4
"h:\SoftDev\xFRA\xFRA\icon\bootstrap\rulers.svg", "XML", 0, 0, 0, 0, 3, 0, 0, 0, 0, 3
"h:\SoftDev\xFRA\xFRA\icon\bootstrap\safe-fill.svg", "XML", 0, 0, 0, 0, 4, 0, 0, 0, 0, 4
"h:\SoftDev\xFRA\xFRA\icon\bootstrap\safe.svg", "XML", 0, 0, 0, 0, 4, 0, 0, 0, 0, 4
"h:\SoftDev\xFRA\xFRA\icon\bootstrap\safe2-fill.svg", "XML", 0, 0, 0, 0, 4, 0, 0, 0, 0, 4
"h:\SoftDev\xFRA\xFRA\icon\bootstrap\safe2.svg", "XML", 0, 0, 0, 0, 4, 0, 0, 0, 0, 4
"h:\SoftDev\xFRA\xFRA\icon\bootstrap\save-fill.svg", "XML", 0, 0, 0, 0, 3, 0, 0, 0, 0, 3
"h:\SoftDev\xFRA\xFRA\icon\bootstrap\save.svg", "XML", 0, 0, 0, 0, 3, 0, 0, 0, 0, 3
"h:\SoftDev\xFRA\xFRA\icon\bootstrap\save2-fill.svg", "XML", 0, 0, 0, 0, 3, 0, 0, 0, 0, 3
"h:\SoftDev\xFRA\xFRA\icon\bootstrap\save2.svg", "XML", 0, 0, 0, 0, 3, 0, 0, 0, 0, 3
"h:\SoftDev\xFRA\xFRA\icon\bootstrap\scissors.svg", "XML", 0, 0, 0, 0, 3, 0, 0, 0, 0, 3
"h:\SoftDev\xFRA\xFRA\icon\bootstrap\scooter.svg", "XML", 0, 0, 0, 0, 3, 0, 0, 0, 0, 3
"h:\SoftDev\xFRA\xFRA\icon\bootstrap\screwdriver.svg", "XML", 0, 0, 0, 0, 3, 0, 0, 0, 0, 3
"h:\SoftDev\xFRA\xFRA\icon\bootstrap\sd-card-fill.svg", "XML", 0, 0, 0, 0, 3, 0, 0, 0, 0, 3
"h:\SoftDev\xFRA\xFRA\icon\bootstrap\sd-card.svg", "XML", 0, 0, 0, 0, 4, 0, 0, 0, 0, 4
"h:\SoftDev\xFRA\xFRA\icon\bootstrap\search-heart-fill.svg", "XML", 0, 0, 0, 0, 3, 0, 0, 0, 0, 3
"h:\SoftDev\xFRA\xFRA\icon\bootstrap\search-heart.svg", "XML", 0, 0, 0, 0, 4, 0, 0, 0, 0, 4
"h:\SoftDev\xFRA\xFRA\icon\bootstrap\search.svg", "XML", 0, 0, 0, 0, 3, 0, 0, 0, 0, 3
"h:\SoftDev\xFRA\xFRA\icon\bootstrap\segmented-nav.svg", "XML", 0, 0, 0, 0, 3, 0, 0, 0, 0, 3
"h:\SoftDev\xFRA\xFRA\icon\bootstrap\send-arrow-down-fill.svg", "XML", 0, 0, 0, 0, 4, 0, 0, 0, 0, 4
"h:\SoftDev\xFRA\xFRA\icon\bootstrap\send-arrow-down.svg", "XML", 0, 0, 0, 0, 4, 0, 0, 0, 0, 4
"h:\SoftDev\xFRA\xFRA\icon\bootstrap\send-arrow-up-fill.svg", "XML", 0, 0, 0, 0, 4, 0, 0, 0, 0, 4
"h:\SoftDev\xFRA\xFRA\icon\bootstrap\send-arrow-up.svg", "XML", 0, 0, 0, 0, 4, 0, 0, 0, 0, 4
"h:\SoftDev\xFRA\xFRA\icon\bootstrap\send-check-fill.svg", "XML", 0, 0, 0, 0, 4, 0, 0, 0, 0, 4
"h:\SoftDev\xFRA\xFRA\icon\bootstrap\send-check.svg", "XML", 0, 0, 0, 0, 4, 0, 0, 0, 0, 4
"h:\SoftDev\xFRA\xFRA\icon\bootstrap\send-dash-fill.svg", "XML", 0, 0, 0, 0, 4, 0, 0, 0, 0, 4
"h:\SoftDev\xFRA\xFRA\icon\bootstrap\send-dash.svg", "XML", 0, 0, 0, 0, 4, 0, 0, 0, 0, 4
"h:\SoftDev\xFRA\xFRA\icon\bootstrap\send-exclamation-fill.svg", "XML", 0, 0, 0, 0, 4, 0, 0, 0, 0, 4
"h:\SoftDev\xFRA\xFRA\icon\bootstrap\send-exclamation.svg", "XML", 0, 0, 0, 0, 4, 0, 0, 0, 0, 4
"h:\SoftDev\xFRA\xFRA\icon\bootstrap\send-fill.svg", "XML", 0, 0, 0, 0, 3, 0, 0, 0, 0, 3
"h:\SoftDev\xFRA\xFRA\icon\bootstrap\send-plus-fill.svg", "XML", 0, 0, 0, 0, 4, 0, 0, 0, 0, 4
"h:\SoftDev\xFRA\xFRA\icon\bootstrap\send-plus.svg", "XML", 0, 0, 0, 0, 4, 0, 0, 0, 0, 4
"h:\SoftDev\xFRA\xFRA\icon\bootstrap\send-slash-fill.svg", "XML", 0, 0, 0, 0, 4, 0, 0, 0, 0, 4
"h:\SoftDev\xFRA\xFRA\icon\bootstrap\send-slash.svg", "XML", 0, 0, 0, 0, 4, 0, 0, 0, 0, 4
"h:\SoftDev\xFRA\xFRA\icon\bootstrap\send-x-fill.svg", "XML", 0, 0, 0, 0, 4, 0, 0, 0, 0, 4
"h:\SoftDev\xFRA\xFRA\icon\bootstrap\send-x.svg", "XML", 0, 0, 0, 0, 4, 0, 0, 0, 0, 4
"h:\SoftDev\xFRA\xFRA\icon\bootstrap\send.svg", "XML", 0, 0, 0, 0, 3, 0, 0, 0, 0, 3
"h:\SoftDev\xFRA\xFRA\icon\bootstrap\server.svg", "XML", 0, 0, 0, 0, 5, 0, 0, 0, 0, 5
"h:\SoftDev\xFRA\xFRA\icon\bootstrap\shadows.svg", "XML", 0, 0, 0, 0, 3, 0, 0, 0, 0, 3
"h:\SoftDev\xFRA\xFRA\icon\bootstrap\share-fill.svg", "XML", 0, 0, 0, 0, 3, 0, 0, 0, 0, 3
"h:\SoftDev\xFRA\xFRA\icon\bootstrap\share.svg", "XML", 0, 0, 0, 0, 3, 0, 0, 0, 0, 3
"h:\SoftDev\xFRA\xFRA\icon\bootstrap\shield-check.svg", "XML", 0, 0, 0, 0, 4, 0, 0, 0, 0, 4
"h:\SoftDev\xFRA\xFRA\icon\bootstrap\shield-exclamation.svg", "XML", 0, 0, 0, 0, 4, 0, 0, 0, 0, 4
"h:\SoftDev\xFRA\xFRA\icon\bootstrap\shield-fill-check.svg", "XML", 0, 0, 0, 0, 3, 0, 0, 0, 0, 3
"h:\SoftDev\xFRA\xFRA\icon\bootstrap\shield-fill-exclamation.svg", "XML", 0, 0, 0, 0, 3, 0, 0, 0, 0, 3
"h:\SoftDev\xFRA\xFRA\icon\bootstrap\shield-fill-minus.svg", "XML", 0, 0, 0, 0, 3, 0, 0, 0, 0, 3
"h:\SoftDev\xFRA\xFRA\icon\bootstrap\shield-fill-plus.svg", "XML", 0, 0, 0, 0, 3, 0, 0, 0, 0, 3
"h:\SoftDev\xFRA\xFRA\icon\bootstrap\shield-fill-x.svg", "XML", 0, 0, 0, 0, 3, 0, 0, 0, 0, 3
"h:\SoftDev\xFRA\xFRA\icon\bootstrap\shield-fill.svg", "XML", 0, 0, 0, 0, 3, 0, 0, 0, 0, 3
"h:\SoftDev\xFRA\xFRA\icon\bootstrap\shield-lock-fill.svg", "XML", 0, 0, 0, 0, 3, 0, 0, 0, 0, 3
"h:\SoftDev\xFRA\xFRA\icon\bootstrap\shield-lock.svg", "XML", 0, 0, 0, 0, 4, 0, 0, 0, 0, 4
"h:\SoftDev\xFRA\xFRA\icon\bootstrap\shield-minus.svg", "XML", 0, 0, 0, 0, 4, 0, 0, 0, 0, 4
"h:\SoftDev\xFRA\xFRA\icon\bootstrap\shield-plus.svg", "XML", 0, 0, 0, 0, 4, 0, 0, 0, 0, 4
"h:\SoftDev\xFRA\xFRA\icon\bootstrap\shield-shaded.svg", "XML", 0, 0, 0, 0, 3, 0, 0, 0, 0, 3
"h:\SoftDev\xFRA\xFRA\icon\bootstrap\shield-slash-fill.svg", "XML", 0, 0, 0, 0, 3, 0, 0, 0, 0, 3
"h:\SoftDev\xFRA\xFRA\icon\bootstrap\shield-slash.svg", "XML", 0, 0, 0, 0, 3, 0, 0, 0, 0, 3
"h:\SoftDev\xFRA\xFRA\icon\bootstrap\shield-x.svg", "XML", 0, 0, 0, 0, 4, 0, 0, 0, 0, 4
"h:\SoftDev\xFRA\xFRA\icon\bootstrap\shield.svg", "XML", 0, 0, 0, 0, 3, 0, 0, 0, 0, 3
"h:\SoftDev\xFRA\xFRA\icon\bootstrap\shift-fill.svg", "XML", 0, 0, 0, 0, 3, 0, 0, 0, 0, 3
"h:\SoftDev\xFRA\xFRA\icon\bootstrap\shift.svg", "XML", 0, 0, 0, 0, 3, 0, 0, 0, 0, 3
"h:\SoftDev\xFRA\xFRA\icon\bootstrap\shop-window.svg", "XML", 0, 0, 0, 0, 3, 0, 0, 0, 0, 3
"h:\SoftDev\xFRA\xFRA\icon\bootstrap\shop.svg", "XML", 0, 0, 0, 0, 3, 0, 0, 0, 0, 3
"h:\SoftDev\xFRA\xFRA\icon\bootstrap\shuffle.svg", "XML", 0, 0, 0, 0, 4, 0, 0, 0, 0, 4
"h:\SoftDev\xFRA\xFRA\icon\bootstrap\sign-dead-end-fill.svg", "XML", 0, 0, 0, 0, 4, 0, 0, 0, 0, 4
"h:\SoftDev\xFRA\xFRA\icon\bootstrap\sign-dead-end.svg", "XML", 0, 0, 0, 0, 4, 0, 0, 0, 0, 4
"h:\SoftDev\xFRA\xFRA\icon\bootstrap\sign-do-not-enter-fill.svg", "XML", 0, 0, 0, 0, 4, 0, 0, 0, 0, 4
"h:\SoftDev\xFRA\xFRA\icon\bootstrap\sign-do-not-enter.svg", "XML", 0, 0, 0, 0, 4, 0, 0, 0, 0, 4
"h:\SoftDev\xFRA\xFRA\icon\bootstrap\sign-intersection-fill.svg", "XML", 0, 0, 0, 0, 3, 0, 0, 0, 0, 3
"h:\SoftDev\xFRA\xFRA\icon\bootstrap\sign-intersection-side-fill.svg", "XML", 0, 0, 0, 0, 3, 0, 0, 0, 0, 3
"h:\SoftDev\xFRA\xFRA\icon\bootstrap\sign-intersection-side.svg", "XML", 0, 0, 0, 0, 4, 0, 0, 0, 0, 4
"h:\SoftDev\xFRA\xFRA\icon\bootstrap\sign-intersection-t-fill.svg", "XML", 0, 0, 0, 0, 3, 0, 0, 0, 0, 3
"h:\SoftDev\xFRA\xFRA\icon\bootstrap\sign-intersection-t.svg", "XML", 0, 0, 0, 0, 4, 0, 0, 0, 0, 4
"h:\SoftDev\xFRA\xFRA\icon\bootstrap\sign-intersection-y-fill.svg", "XML", 0, 0, 0, 0, 3, 0, 0, 0, 0, 3
"h:\SoftDev\xFRA\xFRA\icon\bootstrap\sign-intersection-y.svg", "XML", 0, 0, 0, 0, 4, 0, 0, 0, 0, 4
"h:\SoftDev\xFRA\xFRA\icon\bootstrap\sign-intersection.svg", "XML", 0, 0, 0, 0, 4, 0, 0, 0, 0, 4
"h:\SoftDev\xFRA\xFRA\icon\bootstrap\sign-merge-left-fill.svg", "XML", 0, 0, 0, 0, 3, 0, 0, 0, 0, 3
"h:\SoftDev\xFRA\xFRA\icon\bootstrap\sign-merge-left.svg", "XML", 0, 0, 0, 0, 4, 0, 0, 0, 0, 4
"h:\SoftDev\xFRA\xFRA\icon\bootstrap\sign-merge-right-fill.svg", "XML", 0, 0, 0, 0, 3, 0, 0, 0, 0, 3
"h:\SoftDev\xFRA\xFRA\icon\bootstrap\sign-merge-right.svg", "XML", 0, 0, 0, 0, 4, 0, 0, 0, 0, 4
"h:\SoftDev\xFRA\xFRA\icon\bootstrap\sign-no-left-turn-fill.svg", "XML", 0, 0, 0, 0, 4, 0, 0, 0, 0, 4
"h:\SoftDev\xFRA\xFRA\icon\bootstrap\sign-no-left-turn.svg", "XML", 0, 0, 0, 0, 3, 0, 0, 0, 0, 3
"h:\SoftDev\xFRA\xFRA\icon\bootstrap\sign-no-parking-fill.svg", "XML", 0, 0, 0, 0, 4, 0, 0, 0, 0, 4
"h:\SoftDev\xFRA\xFRA\icon\bootstrap\sign-no-parking.svg", "XML", 0, 0, 0, 0, 3, 0, 0, 0, 0, 3
"h:\SoftDev\xFRA\xFRA\icon\bootstrap\sign-no-right-turn-fill.svg", "XML", 0, 0, 0, 0, 4, 0, 0, 0, 0, 4
"h:\SoftDev\xFRA\xFRA\icon\bootstrap\sign-no-right-turn.svg", "XML", 0, 0, 0, 0, 3, 0, 0, 0, 0, 3
"h:\SoftDev\xFRA\xFRA\icon\bootstrap\sign-railroad-fill.svg", "XML", 0, 0, 0, 0, 5, 0, 0, 0, 0, 5
"h:\SoftDev\xFRA\xFRA\icon\bootstrap\sign-railroad.svg", "XML", 0, 0, 0, 0, 4, 0, 0, 0, 0, 4
"h:\SoftDev\xFRA\xFRA\icon\bootstrap\sign-stop-fill.svg", "XML", 0, 0, 0, 0, 4, 0, 0, 0, 0, 4
"h:\SoftDev\xFRA\xFRA\icon\bootstrap\sign-stop-lights-fill.svg", "XML", 0, 0, 0, 0, 4, 0, 0, 0, 0, 4
"h:\SoftDev\xFRA\xFRA\icon\bootstrap\sign-stop-lights.svg", "XML", 0, 0, 0, 0, 4, 0, 0, 0, 0, 4
"h:\SoftDev\xFRA\xFRA\icon\bootstrap\sign-stop.svg", "XML", 0, 0, 0, 0, 5, 0, 0, 0, 0, 5
"h:\SoftDev\xFRA\xFRA\icon\bootstrap\sign-turn-left-fill.svg", "XML", 0, 0, 0, 0, 3, 0, 0, 0, 0, 3
"h:\SoftDev\xFRA\xFRA\icon\bootstrap\sign-turn-left.svg", "XML", 0, 0, 0, 0, 4, 0, 0, 0, 0, 4
"h:\SoftDev\xFRA\xFRA\icon\bootstrap\sign-turn-right-fill.svg", "XML", 0, 0, 0, 0, 3, 0, 0, 0, 0, 3
"h:\SoftDev\xFRA\xFRA\icon\bootstrap\sign-turn-right.svg", "XML", 0, 0, 0, 0, 4, 0, 0, 0, 0, 4
"h:\SoftDev\xFRA\xFRA\icon\bootstrap\sign-turn-slight-left-fill.svg", "XML", 0, 0, 0, 0, 3, 0, 0, 0, 0, 3
"h:\SoftDev\xFRA\xFRA\icon\bootstrap\sign-turn-slight-left.svg", "XML", 0, 0, 0, 0, 4, 0, 0, 0, 0, 4
"h:\SoftDev\xFRA\xFRA\icon\bootstrap\sign-turn-slight-right-fill.svg", "XML", 0, 0, 0, 0, 3, 0, 0, 0, 0, 3
"h:\SoftDev\xFRA\xFRA\icon\bootstrap\sign-turn-slight-right.svg", "XML", 0, 0, 0, 0, 4, 0, 0, 0, 0, 4
"h:\SoftDev\xFRA\xFRA\icon\bootstrap\sign-yield-fill.svg", "XML", 0, 0, 0, 0, 4, 0, 0, 0, 0, 4
"h:\SoftDev\xFRA\xFRA\icon\bootstrap\sign-yield.svg", "XML", 0, 0, 0, 0, 5, 0, 0, 0, 0, 5
"h:\SoftDev\xFRA\xFRA\icon\bootstrap\signal.svg", "XML", 0, 0, 0, 0, 3, 0, 0, 0, 0, 3
"h:\SoftDev\xFRA\xFRA\icon\bootstrap\signpost-2-fill.svg", "XML", 0, 0, 0, 0, 3, 0, 0, 0, 0, 3
"h:\SoftDev\xFRA\xFRA\icon\bootstrap\signpost-2.svg", "XML", 0, 0, 0, 0, 3, 0, 0, 0, 0, 3
"h:\SoftDev\xFRA\xFRA\icon\bootstrap\signpost-fill.svg", "XML", 0, 0, 0, 0, 3, 0, 0, 0, 0, 3
"h:\SoftDev\xFRA\xFRA\icon\bootstrap\signpost-split-fill.svg", "XML", 0, 0, 0, 0, 3, 0, 0, 0, 0, 3
"h:\SoftDev\xFRA\xFRA\icon\bootstrap\signpost-split.svg", "XML", 0, 0, 0, 0, 3, 0, 0, 0, 0, 3
"h:\SoftDev\xFRA\xFRA\icon\bootstrap\signpost.svg", "XML", 0, 0, 0, 0, 3, 0, 0, 0, 0, 3
"h:\SoftDev\xFRA\xFRA\icon\bootstrap\sim-fill.svg", "XML", 0, 0, 0, 0, 4, 0, 0, 0, 0, 4
"h:\SoftDev\xFRA\xFRA\icon\bootstrap\sim-slash-fill.svg", "XML", 0, 0, 0, 0, 3, 0, 0, 0, 0, 3
"h:\SoftDev\xFRA\xFRA\icon\bootstrap\sim-slash.svg", "XML", 0, 0, 0, 0, 3, 0, 0, 0, 0, 3
"h:\SoftDev\xFRA\xFRA\icon\bootstrap\sim.svg", "XML", 0, 0, 0, 0, 4, 0, 0, 0, 0, 4
"h:\SoftDev\xFRA\xFRA\icon\bootstrap\sina-weibo.svg", "XML", 0, 0, 0, 0, 4, 0, 0, 0, 0, 4
"h:\SoftDev\xFRA\xFRA\icon\bootstrap\skip-backward-btn-fill.svg", "XML", 0, 0, 0, 0, 3, 0, 0, 0, 0, 3
"h:\SoftDev\xFRA\xFRA\icon\bootstrap\skip-backward-btn.svg", "XML", 0, 0, 0, 0, 4, 0, 0, 0, 0, 4
"h:\SoftDev\xFRA\xFRA\icon\bootstrap\skip-backward-circle-fill.svg", "XML", 0, 0, 0, 0, 3, 0, 0, 0, 0, 3
"h:\SoftDev\xFRA\xFRA\icon\bootstrap\skip-backward-circle.svg", "XML", 0, 0, 0, 0, 4, 0, 0, 0, 0, 4
"h:\SoftDev\xFRA\xFRA\icon\bootstrap\skip-backward-fill.svg", "XML", 0, 0, 0, 0, 3, 0, 0, 0, 0, 3
"h:\SoftDev\xFRA\xFRA\icon\bootstrap\skip-backward.svg", "XML", 0, 0, 0, 0, 3, 0, 0, 0, 0, 3
"h:\SoftDev\xFRA\xFRA\icon\bootstrap\skip-end-btn-fill.svg", "XML", 0, 0, 0, 0, 3, 0, 0, 0, 0, 3
"h:\SoftDev\xFRA\xFRA\icon\bootstrap\skip-end-btn.svg", "XML", 0, 0, 0, 0, 4, 0, 0, 0, 0, 4
"h:\SoftDev\xFRA\xFRA\icon\bootstrap\skip-end-circle-fill.svg", "XML", 0, 0, 0, 0, 3, 0, 0, 0, 0, 3
"h:\SoftDev\xFRA\xFRA\icon\bootstrap\skip-end-circle.svg", "XML", 0, 0, 0, 0, 4, 0, 0, 0, 0, 4
"h:\SoftDev\xFRA\xFRA\icon\bootstrap\skip-end-fill.svg", "XML", 0, 0, 0, 0, 3, 0, 0, 0, 0, 3
"h:\SoftDev\xFRA\xFRA\icon\bootstrap\skip-end.svg", "XML", 0, 0, 0, 0, 3, 0, 0, 0, 0, 3
"h:\SoftDev\xFRA\xFRA\icon\bootstrap\skip-forward-btn-fill.svg", "XML", 0, 0, 0, 0, 3, 0, 0, 0, 0, 3
"h:\SoftDev\xFRA\xFRA\icon\bootstrap\skip-forward-btn.svg", "XML", 0, 0, 0, 0, 4, 0, 0, 0, 0, 4
"h:\SoftDev\xFRA\xFRA\icon\bootstrap\skip-forward-circle-fill.svg", "XML", 0, 0, 0, 0, 3, 0, 0, 0, 0, 3
"h:\SoftDev\xFRA\xFRA\icon\bootstrap\skip-forward-circle.svg", "XML", 0, 0, 0, 0, 4, 0, 0, 0, 0, 4
"h:\SoftDev\xFRA\xFRA\icon\bootstrap\skip-forward-fill.svg", "XML", 0, 0, 0, 0, 3, 0, 0, 0, 0, 3
"h:\SoftDev\xFRA\xFRA\icon\bootstrap\skip-forward.svg", "XML", 0, 0, 0, 0, 3, 0, 0, 0, 0, 3
"h:\SoftDev\xFRA\xFRA\icon\bootstrap\skip-start-btn-fill.svg", "XML", 0, 0, 0, 0, 3, 0, 0, 0, 0, 3
"h:\SoftDev\xFRA\xFRA\icon\bootstrap\skip-start-btn.svg", "XML", 0, 0, 0, 0, 4, 0, 0, 0, 0, 4
"h:\SoftDev\xFRA\xFRA\icon\bootstrap\skip-start-circle-fill.svg", "XML", 0, 0, 0, 0, 3, 0, 0, 0, 0, 3
"h:\SoftDev\xFRA\xFRA\icon\bootstrap\skip-start-circle.svg", "XML", 0, 0, 0, 0, 4, 0, 0, 0, 0, 4
"h:\SoftDev\xFRA\xFRA\icon\bootstrap\skip-start-fill.svg", "XML", 0, 0, 0, 0, 3, 0, 0, 0, 0, 3
"h:\SoftDev\xFRA\xFRA\icon\bootstrap\skip-start.svg", "XML", 0, 0, 0, 0, 3, 0, 0, 0, 0, 3
"h:\SoftDev\xFRA\xFRA\icon\bootstrap\skype.svg", "XML", 0, 0, 0, 0, 3, 0, 0, 0, 0, 3
"h:\SoftDev\xFRA\xFRA\icon\bootstrap\slack.svg", "XML", 0, 0, 0, 0, 3, 0, 0, 0, 0, 3
"h:\SoftDev\xFRA\xFRA\icon\bootstrap\slash-circle-fill.svg", "XML", 0, 0, 0, 0, 3, 0, 0, 0, 0, 3
"h:\SoftDev\xFRA\xFRA\icon\bootstrap\slash-circle.svg", "XML", 0, 0, 0, 0, 4, 0, 0, 0, 0, 4
"h:\SoftDev\xFRA\xFRA\icon\bootstrap\slash-lg.svg", "XML", 0, 0, 0, 0, 3, 0, 0, 0, 0, 3
"h:\SoftDev\xFRA\xFRA\icon\bootstrap\slash-square-fill.svg", "XML", 0, 0, 0, 0, 3, 0, 0, 0, 0, 3
"h:\SoftDev\xFRA\xFRA\icon\bootstrap\slash-square.svg", "XML", 0, 0, 0, 0, 4, 0, 0, 0, 0, 4
"h:\SoftDev\xFRA\xFRA\icon\bootstrap\slash.svg", "XML", 0, 0, 0, 0, 3, 0, 0, 0, 0, 3
"h:\SoftDev\xFRA\xFRA\icon\bootstrap\sliders.svg", "XML", 0, 0, 0, 0, 3, 0, 0, 0, 0, 3
"h:\SoftDev\xFRA\xFRA\icon\bootstrap\sliders2-vertical.svg", "XML", 0, 0, 0, 0, 3, 0, 0, 0, 0, 3
"h:\SoftDev\xFRA\xFRA\icon\bootstrap\sliders2.svg", "XML", 0, 0, 0, 0, 3, 0, 0, 0, 0, 3
"h:\SoftDev\xFRA\xFRA\icon\bootstrap\smartwatch.svg", "XML", 0, 0, 0, 0, 4, 0, 0, 0, 0, 4
"h:\SoftDev\xFRA\xFRA\icon\bootstrap\snapchat.svg", "XML", 0, 0, 0, 0, 3, 0, 0, 0, 0, 3
"h:\SoftDev\xFRA\xFRA\icon\bootstrap\snow.svg", "XML", 0, 0, 0, 0, 3, 0, 0, 0, 0, 3
"h:\SoftDev\xFRA\xFRA\icon\bootstrap\snow2.svg", "XML", 0, 0, 0, 0, 3, 0, 0, 0, 0, 3
"h:\SoftDev\xFRA\xFRA\icon\bootstrap\snow3.svg", "XML", 0, 0, 0, 0, 4, 0, 0, 0, 0, 4
"h:\SoftDev\xFRA\xFRA\icon\bootstrap\sort-alpha-down-alt.svg", "XML", 0, 0, 0, 0, 5, 0, 0, 0, 0, 5
"h:\SoftDev\xFRA\xFRA\icon\bootstrap\sort-alpha-down.svg", "XML", 0, 0, 0, 0, 4, 0, 0, 0, 0, 4
"h:\SoftDev\xFRA\xFRA\icon\bootstrap\sort-alpha-up-alt.svg", "XML", 0, 0, 0, 0, 5, 0, 0, 0, 0, 5
"h:\SoftDev\xFRA\xFRA\icon\bootstrap\sort-alpha-up.svg", "XML", 0, 0, 0, 0, 4, 0, 0, 0, 0, 4
"h:\SoftDev\xFRA\xFRA\icon\bootstrap\sort-down-alt.svg", "XML", 0, 0, 0, 0, 3, 0, 0, 0, 0, 3
"h:\SoftDev\xFRA\xFRA\icon\bootstrap\sort-down.svg", "XML", 0, 0, 0, 0, 3, 0, 0, 0, 0, 3
"h:\SoftDev\xFRA\xFRA\icon\bootstrap\sort-numeric-down-alt.svg", "XML", 0, 0, 0, 0, 4, 0, 0, 0, 0, 4
"h:\SoftDev\xFRA\xFRA\icon\bootstrap\sort-numeric-down.svg", "XML", 0, 0, 0, 0, 5, 0, 0, 0, 0, 5
"h:\SoftDev\xFRA\xFRA\icon\bootstrap\sort-numeric-up-alt.svg", "XML", 0, 0, 0, 0, 4, 0, 0, 0, 0, 4
"h:\SoftDev\xFRA\xFRA\icon\bootstrap\sort-numeric-up.svg", "XML", 0, 0, 0, 0, 5, 0, 0, 0, 0, 5
"h:\SoftDev\xFRA\xFRA\icon\bootstrap\sort-up-alt.svg", "XML", 0, 0, 0, 0, 3, 0, 0, 0, 0, 3
"h:\SoftDev\xFRA\xFRA\icon\bootstrap\sort-up.svg", "XML", 0, 0, 0, 0, 3, 0, 0, 0, 0, 3
"h:\SoftDev\xFRA\xFRA\icon\bootstrap\soundwave.svg", "XML", 0, 0, 0, 0, 3, 0, 0, 0, 0, 3
"h:\SoftDev\xFRA\xFRA\icon\bootstrap\sourceforge.svg", "XML", 0, 0, 0, 0, 4, 0, 0, 0, 0, 4
"h:\SoftDev\xFRA\xFRA\icon\bootstrap\speaker-fill.svg", "XML", 0, 0, 0, 0, 4, 0, 0, 0, 0, 4
"h:\SoftDev\xFRA\xFRA\icon\bootstrap\speaker.svg", "XML", 0, 0, 0, 0, 4, 0, 0, 0, 0, 4
"h:\SoftDev\xFRA\xFRA\icon\bootstrap\speedometer.svg", "XML", 0, 0, 0, 0, 4, 0, 0, 0, 0, 4
"h:\SoftDev\xFRA\xFRA\icon\bootstrap\speedometer2.svg", "XML", 0, 0, 0, 0, 4, 0, 0, 0, 0, 4
"h:\SoftDev\xFRA\xFRA\icon\bootstrap\spellcheck.svg", "XML", 0, 0, 0, 0, 4, 0, 0, 0, 0, 4
"h:\SoftDev\xFRA\xFRA\icon\bootstrap\spotify.svg", "XML", 0, 0, 0, 0, 3, 0, 0, 0, 0, 3
"h:\SoftDev\xFRA\xFRA\icon\bootstrap\square-fill.svg", "XML", 0, 0, 0, 0, 3, 0, 0, 0, 0, 3
"h:\SoftDev\xFRA\xFRA\icon\bootstrap\square-half.svg", "XML", 0, 0, 0, 0, 3, 0, 0, 0, 0, 3
"h:\SoftDev\xFRA\xFRA\icon\bootstrap\square.svg", "XML", 0, 0, 0, 0, 3, 0, 0, 0, 0, 3
"h:\SoftDev\xFRA\xFRA\icon\bootstrap\stack-overflow.svg", "XML", 0, 0, 0, 0, 4, 0, 0, 0, 0, 4
"h:\SoftDev\xFRA\xFRA\icon\bootstrap\stack.svg", "XML", 0, 0, 0, 0, 4, 0, 0, 0, 0, 4
"h:\SoftDev\xFRA\xFRA\icon\bootstrap\star-fill.svg", "XML", 0, 0, 0, 0, 3, 0, 0, 0, 0, 3
"h:\SoftDev\xFRA\xFRA\icon\bootstrap\star-half.svg", "XML", 0, 0, 0, 0, 3, 0, 0, 0, 0, 3
"h:\SoftDev\xFRA\xFRA\icon\bootstrap\star.svg", "XML", 0, 0, 0, 0, 3, 0, 0, 0, 0, 3
"h:\SoftDev\xFRA\xFRA\icon\bootstrap\stars.svg", "XML", 0, 0, 0, 0, 3, 0, 0, 0, 0, 3
"h:\SoftDev\xFRA\xFRA\icon\bootstrap\steam.svg", "XML", 0, 0, 0, 0, 4, 0, 0, 0, 0, 4
"h:\SoftDev\xFRA\xFRA\icon\bootstrap\stickies-fill.svg", "XML", 0, 0, 0, 0, 4, 0, 0, 0, 0, 4
"h:\SoftDev\xFRA\xFRA\icon\bootstrap\stickies.svg", "XML", 0, 0, 0, 0, 4, 0, 0, 0, 0, 4
"h:\SoftDev\xFRA\xFRA\icon\bootstrap\sticky-fill.svg", "XML", 0, 0, 0, 0, 3, 0, 0, 0, 0, 3
"h:\SoftDev\xFRA\xFRA\icon\bootstrap\sticky.svg", "XML", 0, 0, 0, 0, 3, 0, 0, 0, 0, 3
"h:\SoftDev\xFRA\xFRA\icon\bootstrap\stop-btn-fill.svg", "XML", 0, 0, 0, 0, 3, 0, 0, 0, 0, 3
"h:\SoftDev\xFRA\xFRA\icon\bootstrap\stop-btn.svg", "XML", 0, 0, 0, 0, 4, 0, 0, 0, 0, 4
"h:\SoftDev\xFRA\xFRA\icon\bootstrap\stop-circle-fill.svg", "XML", 0, 0, 0, 0, 3, 0, 0, 0, 0, 3
"h:\SoftDev\xFRA\xFRA\icon\bootstrap\stop-circle.svg", "XML", 0, 0, 0, 0, 4, 0, 0, 0, 0, 4
"h:\SoftDev\xFRA\xFRA\icon\bootstrap\stop-fill.svg", "XML", 0, 0, 0, 0, 3, 0, 0, 0, 0, 3
"h:\SoftDev\xFRA\xFRA\icon\bootstrap\stop.svg", "XML", 0, 0, 0, 0, 3, 0, 0, 0, 0, 3
"h:\SoftDev\xFRA\xFRA\icon\bootstrap\stoplights-fill.svg", "XML", 0, 0, 0, 0, 3, 0, 0, 0, 0, 3
"h:\SoftDev\xFRA\xFRA\icon\bootstrap\stoplights.svg", "XML", 0, 0, 0, 0, 4, 0, 0, 0, 0, 4
"h:\SoftDev\xFRA\xFRA\icon\bootstrap\stopwatch-fill.svg", "XML", 0, 0, 0, 0, 3, 0, 0, 0, 0, 3
"h:\SoftDev\xFRA\xFRA\icon\bootstrap\stopwatch.svg", "XML", 0, 0, 0, 0, 4, 0, 0, 0, 0, 4
"h:\SoftDev\xFRA\xFRA\icon\bootstrap\strava.svg", "XML", 0, 0, 0, 0, 3, 0, 0, 0, 0, 3
"h:\SoftDev\xFRA\xFRA\icon\bootstrap\stripe.svg", "XML", 0, 0, 0, 0, 3, 0, 0, 0, 0, 3
"h:\SoftDev\xFRA\xFRA\icon\bootstrap\subscript.svg", "XML", 0, 0, 0, 0, 3, 0, 0, 0, 0, 3
"h:\SoftDev\xFRA\xFRA\icon\bootstrap\substack.svg", "XML", 0, 0, 0, 0, 3, 0, 0, 0, 0, 3
"h:\SoftDev\xFRA\xFRA\icon\bootstrap\subtract.svg", "XML", 0, 0, 0, 0, 3, 0, 0, 0, 0, 3
"h:\SoftDev\xFRA\xFRA\icon\bootstrap\suit-club-fill.svg", "XML", 0, 0, 0, 0, 3, 0, 0, 0, 0, 3
"h:\SoftDev\xFRA\xFRA\icon\bootstrap\suit-club.svg", "XML", 0, 0, 0, 0, 3, 0, 0, 0, 0, 3
"h:\SoftDev\xFRA\xFRA\icon\bootstrap\suit-diamond-fill.svg", "XML", 0, 0, 0, 0, 3, 0, 0, 0, 0, 3
"h:\SoftDev\xFRA\xFRA\icon\bootstrap\suit-diamond.svg", "XML", 0, 0, 0, 0, 3, 0, 0, 0, 0, 3
"h:\SoftDev\xFRA\xFRA\icon\bootstrap\suit-heart-fill.svg", "XML", 0, 0, 0, 0, 3, 0, 0, 0, 0, 3
"h:\SoftDev\xFRA\xFRA\icon\bootstrap\suit-heart.svg", "XML", 0, 0, 0, 0, 3, 0, 0, 0, 0, 3
"h:\SoftDev\xFRA\xFRA\icon\bootstrap\suit-spade-fill.svg", "XML", 0, 0, 0, 0, 3, 0, 0, 0, 0, 3
"h:\SoftDev\xFRA\xFRA\icon\bootstrap\suit-spade.svg", "XML", 0, 0, 0, 0, 3, 0, 0, 0, 0, 3
"h:\SoftDev\xFRA\xFRA\icon\bootstrap\suitcase-fill.svg", "XML", 0, 0, 0, 0, 3, 0, 0, 0, 0, 3
"h:\SoftDev\xFRA\xFRA\icon\bootstrap\suitcase-lg-fill.svg", "XML", 0, 0, 0, 0, 3, 0, 0, 0, 0, 3
"h:\SoftDev\xFRA\xFRA\icon\bootstrap\suitcase-lg.svg", "XML", 0, 0, 0, 0, 3, 0, 0, 0, 0, 3
"h:\SoftDev\xFRA\xFRA\icon\bootstrap\suitcase.svg", "XML", 0, 0, 0, 0, 4, 0, 0, 0, 0, 4
"h:\SoftDev\xFRA\xFRA\icon\bootstrap\suitcase2-fill.svg", "XML", 0, 0, 0, 0, 3, 0, 0, 0, 0, 3
"h:\SoftDev\xFRA\xFRA\icon\bootstrap\suitcase2.svg", "XML", 0, 0, 0, 0, 3, 0, 0, 0, 0, 3
"h:\SoftDev\xFRA\xFRA\icon\bootstrap\sun-fill.svg", "XML", 0, 0, 0, 0, 3, 0, 0, 0, 0, 3
"h:\SoftDev\xFRA\xFRA\icon\bootstrap\sun.svg", "XML", 0, 0, 0, 0, 3, 0, 0, 0, 0, 3
"h:\SoftDev\xFRA\xFRA\icon\bootstrap\sunglasses.svg", "XML", 0, 0, 0, 0, 3, 0, 0, 0, 0, 3
"h:\SoftDev\xFRA\xFRA\icon\bootstrap\sunrise-fill.svg", "XML", 0, 0, 0, 0, 3, 0, 0, 0, 0, 3
"h:\SoftDev\xFRA\xFRA\icon\bootstrap\sunrise.svg", "XML", 0, 0, 0, 0, 3, 0, 0, 0, 0, 3
"h:\SoftDev\xFRA\xFRA\icon\bootstrap\sunset-fill.svg", "XML", 0, 0, 0, 0, 3, 0, 0, 0, 0, 3
"h:\SoftDev\xFRA\xFRA\icon\bootstrap\sunset.svg", "XML", 0, 0, 0, 0, 3, 0, 0, 0, 0, 3
"h:\SoftDev\xFRA\xFRA\icon\bootstrap\superscript.svg", "XML", 0, 0, 0, 0, 3, 0, 0, 0, 0, 3
"h:\SoftDev\xFRA\xFRA\icon\bootstrap\symmetry-horizontal.svg", "XML", 0, 0, 0, 0, 3, 0, 0, 0, 0, 3
"h:\SoftDev\xFRA\xFRA\icon\bootstrap\symmetry-vertical.svg", "XML", 0, 0, 0, 0, 3, 0, 0, 0, 0, 3
"h:\SoftDev\xFRA\xFRA\icon\bootstrap\table.svg", "XML", 0, 0, 0, 0, 3, 0, 0, 0, 0, 3
"h:\SoftDev\xFRA\xFRA\icon\bootstrap\tablet-fill.svg", "XML", 0, 0, 0, 0, 3, 0, 0, 0, 0, 3
"h:\SoftDev\xFRA\xFRA\icon\bootstrap\tablet-landscape-fill.svg", "XML", 0, 0, 0, 0, 3, 0, 0, 0, 0, 3
"h:\SoftDev\xFRA\xFRA\icon\bootstrap\tablet-landscape.svg", "XML", 0, 0, 0, 0, 4, 0, 0, 0, 0, 4
"h:\SoftDev\xFRA\xFRA\icon\bootstrap\tablet.svg", "XML", 0, 0, 0, 0, 4, 0, 0, 0, 0, 4
"h:\SoftDev\xFRA\xFRA\icon\bootstrap\tag-fill.svg", "XML", 0, 0, 0, 0, 3, 0, 0, 0, 0, 3
"h:\SoftDev\xFRA\xFRA\icon\bootstrap\tag.svg", "XML", 0, 0, 0, 0, 4, 0, 0, 0, 0, 4
"h:\SoftDev\xFRA\xFRA\icon\bootstrap\tags-fill.svg", "XML", 0, 0, 0, 0, 4, 0, 0, 0, 0, 4
"h:\SoftDev\xFRA\xFRA\icon\bootstrap\tags.svg", "XML", 0, 0, 0, 0, 4, 0, 0, 0, 0, 4
"h:\SoftDev\xFRA\xFRA\icon\bootstrap\taxi-front-fill.svg", "XML", 0, 0, 0, 0, 3, 0, 0, 0, 0, 3
"h:\SoftDev\xFRA\xFRA\icon\bootstrap\taxi-front.svg", "XML", 0, 0, 0, 0, 4, 0, 0, 0, 0, 4
"h:\SoftDev\xFRA\xFRA\icon\bootstrap\telegram.svg", "XML", 0, 0, 0, 0, 3, 0, 0, 0, 0, 3
"h:\SoftDev\xFRA\xFRA\icon\bootstrap\telephone-fill.svg", "XML", 0, 0, 0, 0, 3, 0, 0, 0, 0, 3
"h:\SoftDev\xFRA\xFRA\icon\bootstrap\telephone-forward-fill.svg", "XML", 0, 0, 0, 0, 3, 0, 0, 0, 0, 3
"h:\SoftDev\xFRA\xFRA\icon\bootstrap\telephone-forward.svg", "XML", 0, 0, 0, 0, 3, 0, 0, 0, 0, 3
"h:\SoftDev\xFRA\xFRA\icon\bootstrap\telephone-inbound-fill.svg", "XML", 0, 0, 0, 0, 3, 0, 0, 0, 0, 3
"h:\SoftDev\xFRA\xFRA\icon\bootstrap\telephone-inbound.svg", "XML", 0, 0, 0, 0, 3, 0, 0, 0, 0, 3
"h:\SoftDev\xFRA\xFRA\icon\bootstrap\telephone-minus-fill.svg", "XML", 0, 0, 0, 0, 3, 0, 0, 0, 0, 3
"h:\SoftDev\xFRA\xFRA\icon\bootstrap\telephone-minus.svg", "XML", 0, 0, 0, 0, 4, 0, 0, 0, 0, 4
"h:\SoftDev\xFRA\xFRA\icon\bootstrap\telephone-outbound-fill.svg", "XML", 0, 0, 0, 0, 3, 0, 0, 0, 0, 3
"h:\SoftDev\xFRA\xFRA\icon\bootstrap\telephone-outbound.svg", "XML", 0, 0, 0, 0, 3, 0, 0, 0, 0, 3
"h:\SoftDev\xFRA\xFRA\icon\bootstrap\telephone-plus-fill.svg", "XML", 0, 0, 0, 0, 3, 0, 0, 0, 0, 3
"h:\SoftDev\xFRA\xFRA\icon\bootstrap\telephone-plus.svg", "XML", 0, 0, 0, 0, 4, 0, 0, 0, 0, 4
"h:\SoftDev\xFRA\xFRA\icon\bootstrap\telephone-x-fill.svg", "XML", 0, 0, 0, 0, 3, 0, 0, 0, 0, 3
"h:\SoftDev\xFRA\xFRA\icon\bootstrap\telephone-x.svg", "XML", 0, 0, 0, 0, 4, 0, 0, 0, 0, 4
"h:\SoftDev\xFRA\xFRA\icon\bootstrap\telephone.svg", "XML", 0, 0, 0, 0, 3, 0, 0, 0, 0, 3
"h:\SoftDev\xFRA\xFRA\icon\bootstrap\tencent-qq.svg", "XML", 0, 0, 0, 0, 4, 0, 0, 0, 0, 4
"h:\SoftDev\xFRA\xFRA\icon\bootstrap\terminal-dash.svg", "XML", 0, 0, 0, 0, 4, 0, 0, 0, 0, 4
"h:\SoftDev\xFRA\xFRA\icon\bootstrap\terminal-fill.svg", "XML", 0, 0, 0, 0, 3, 0, 0, 0, 0, 3
"h:\SoftDev\xFRA\xFRA\icon\bootstrap\terminal-plus.svg", "XML", 0, 0, 0, 0, 4, 0, 0, 0, 0, 4
"h:\SoftDev\xFRA\xFRA\icon\bootstrap\terminal-split.svg", "XML", 0, 0, 0, 0, 4, 0, 0, 0, 0, 4
"h:\SoftDev\xFRA\xFRA\icon\bootstrap\terminal-x.svg", "XML", 0, 0, 0, 0, 4, 0, 0, 0, 0, 4
"h:\SoftDev\xFRA\xFRA\icon\bootstrap\terminal.svg", "XML", 0, 0, 0, 0, 4, 0, 0, 0, 0, 4
"h:\SoftDev\xFRA\xFRA\icon\bootstrap\text-center.svg", "XML", 0, 0, 0, 0, 3, 0, 0, 0, 0, 3
"h:\SoftDev\xFRA\xFRA\icon\bootstrap\text-indent-left.svg", "XML", 0, 0, 0, 0, 3, 0, 0, 0, 0, 3
"h:\SoftDev\xFRA\xFRA\icon\bootstrap\text-indent-right.svg", "XML", 0, 0, 0, 0, 3, 0, 0, 0, 0, 3
"h:\SoftDev\xFRA\xFRA\icon\bootstrap\text-left.svg", "XML", 0, 0, 0, 0, 3, 0, 0, 0, 0, 3
"h:\SoftDev\xFRA\xFRA\icon\bootstrap\text-paragraph.svg", "XML", 0, 0, 0, 0, 3, 0, 0, 0, 0, 3
"h:\SoftDev\xFRA\xFRA\icon\bootstrap\text-right.svg", "XML", 0, 0, 0, 0, 3, 0, 0, 0, 0, 3
"h:\SoftDev\xFRA\xFRA\icon\bootstrap\text-wrap.svg", "XML", 0, 0, 0, 0, 3, 0, 0, 0, 0, 3
"h:\SoftDev\xFRA\xFRA\icon\bootstrap\textarea-resize.svg", "XML", 0, 0, 0, 0, 3, 0, 0, 0, 0, 3
"h:\SoftDev\xFRA\xFRA\icon\bootstrap\textarea-t.svg", "XML", 0, 0, 0, 0, 4, 0, 0, 0, 0, 4
"h:\SoftDev\xFRA\xFRA\icon\bootstrap\textarea.svg", "XML", 0, 0, 0, 0, 3, 0, 0, 0, 0, 3
"h:\SoftDev\xFRA\xFRA\icon\bootstrap\thermometer-half.svg", "XML", 0, 0, 0, 0, 4, 0, 0, 0, 0, 4
"h:\SoftDev\xFRA\xFRA\icon\bootstrap\thermometer-high.svg", "XML", 0, 0, 0, 0, 4, 0, 0, 0, 0, 4
"h:\SoftDev\xFRA\xFRA\icon\bootstrap\thermometer-low.svg", "XML", 0, 0, 0, 0, 4, 0, 0, 0, 0, 4
"h:\SoftDev\xFRA\xFRA\icon\bootstrap\thermometer-snow.svg", "XML", 0, 0, 0, 0, 4, 0, 0, 0, 0, 4
"h:\SoftDev\xFRA\xFRA\icon\bootstrap\thermometer-sun.svg", "XML", 0, 0, 0, 0, 4, 0, 0, 0, 0, 4
"h:\SoftDev\xFRA\xFRA\icon\bootstrap\thermometer.svg", "XML", 0, 0, 0, 0, 4, 0, 0, 0, 0, 4
"h:\SoftDev\xFRA\xFRA\icon\bootstrap\threads-fill.svg", "XML", 0, 0, 0, 0, 4, 0, 0, 0, 0, 4
"h:\SoftDev\xFRA\xFRA\icon\bootstrap\threads.svg", "XML", 0, 0, 0, 0, 3, 0, 0, 0, 0, 3
"h:\SoftDev\xFRA\xFRA\icon\bootstrap\three-dots-vertical.svg", "XML", 0, 0, 0, 0, 3, 0, 0, 0, 0, 3
"h:\SoftDev\xFRA\xFRA\icon\bootstrap\three-dots.svg", "XML", 0, 0, 0, 0, 3, 0, 0, 0, 0, 3
"h:\SoftDev\xFRA\xFRA\icon\bootstrap\thunderbolt-fill.svg", "XML", 0, 0, 0, 0, 3, 0, 0, 0, 0, 3
"h:\SoftDev\xFRA\xFRA\icon\bootstrap\thunderbolt.svg", "XML", 0, 0, 0, 0, 4, 0, 0, 0, 0, 4
"h:\SoftDev\xFRA\xFRA\icon\bootstrap\ticket-detailed-fill.svg", "XML", 0, 0, 0, 0, 3, 0, 0, 0, 0, 3
"h:\SoftDev\xFRA\xFRA\icon\bootstrap\ticket-detailed.svg", "XML", 0, 0, 0, 0, 4, 0, 0, 0, 0, 4
"h:\SoftDev\xFRA\xFRA\icon\bootstrap\ticket-fill.svg", "XML", 0, 0, 0, 0, 3, 0, 0, 0, 0, 3
"h:\SoftDev\xFRA\xFRA\icon\bootstrap\ticket-perforated-fill.svg", "XML", 0, 0, 0, 0, 3, 0, 0, 0, 0, 3
"h:\SoftDev\xFRA\xFRA\icon\bootstrap\ticket-perforated.svg", "XML", 0, 0, 0, 0, 4, 0, 0, 0, 0, 4
"h:\SoftDev\xFRA\xFRA\icon\bootstrap\ticket.svg", "XML", 0, 0, 0, 0, 3, 0, 0, 0, 0, 3
"h:\SoftDev\xFRA\xFRA\icon\bootstrap\tiktok.svg", "XML", 0, 0, 0, 0, 3, 0, 0, 0, 0, 3
"h:\SoftDev\xFRA\xFRA\icon\bootstrap\toggle-off.svg", "XML", 0, 0, 0, 0, 3, 0, 0, 0, 0, 3
"h:\SoftDev\xFRA\xFRA\icon\bootstrap\toggle-on.svg", "XML", 0, 0, 0, 0, 3, 0, 0, 0, 0, 3
"h:\SoftDev\xFRA\xFRA\icon\bootstrap\toggle2-off.svg", "XML", 0, 0, 0, 0, 4, 0, 0, 0, 0, 4
"h:\SoftDev\xFRA\xFRA\icon\bootstrap\toggle2-on.svg", "XML", 0, 0, 0, 0, 4, 0, 0, 0, 0, 4
"h:\SoftDev\xFRA\xFRA\icon\bootstrap\toggles.svg", "XML", 0, 0, 0, 0, 3, 0, 0, 0, 0, 3
"h:\SoftDev\xFRA\xFRA\icon\bootstrap\toggles2.svg", "XML", 0, 0, 0, 0, 5, 0, 0, 0, 0, 5
"h:\SoftDev\xFRA\xFRA\icon\bootstrap\tools.svg", "XML", 0, 0, 0, 0, 3, 0, 0, 0, 0, 3
"h:\SoftDev\xFRA\xFRA\icon\bootstrap\tornado.svg", "XML", 0, 0, 0, 0, 3, 0, 0, 0, 0, 3
"h:\SoftDev\xFRA\xFRA\icon\bootstrap\train-freight-front-fill.svg", "XML", 0, 0, 0, 0, 3, 0, 0, 0, 0, 3
"h:\SoftDev\xFRA\xFRA\icon\bootstrap\train-freight-front.svg", "XML", 0, 0, 0, 0, 3, 0, 0, 0, 0, 3
"h:\SoftDev\xFRA\xFRA\icon\bootstrap\train-front-fill.svg", "XML", 0, 0, 0, 0, 3, 0, 0, 0, 0, 3
"h:\SoftDev\xFRA\xFRA\icon\bootstrap\train-front.svg", "XML", 0, 0, 0, 0, 3, 0, 0, 0, 0, 3
"h:\SoftDev\xFRA\xFRA\icon\bootstrap\train-lightrail-front-fill.svg", "XML", 0, 0, 0, 0, 3, 0, 0, 0, 0, 3
"h:\SoftDev\xFRA\xFRA\icon\bootstrap\train-lightrail-front.svg", "XML", 0, 0, 0, 0, 3, 0, 0, 0, 0, 3
"h:\SoftDev\xFRA\xFRA\icon\bootstrap\translate.svg", "XML", 0, 0, 0, 0, 4, 0, 0, 0, 0, 4
"h:\SoftDev\xFRA\xFRA\icon\bootstrap\transparency.svg", "XML", 0, 0, 0, 0, 3, 0, 0, 0, 0, 3
"h:\SoftDev\xFRA\xFRA\icon\bootstrap\trash-fill.svg", "XML", 0, 0, 0, 0, 3, 0, 0, 0, 0, 3
"h:\SoftDev\xFRA\xFRA\icon\bootstrap\trash.svg", "XML", 0, 0, 0, 0, 4, 0, 0, 0, 0, 4
"h:\SoftDev\xFRA\xFRA\icon\bootstrap\trash2-fill.svg", "XML", 0, 0, 0, 0, 3, 0, 0, 0, 0, 3
"h:\SoftDev\xFRA\xFRA\icon\bootstrap\trash2.svg", "XML", 0, 0, 0, 0, 3, 0, 0, 0, 0, 3
"h:\SoftDev\xFRA\xFRA\icon\bootstrap\trash3-fill.svg", "XML", 0, 0, 0, 0, 3, 0, 0, 0, 0, 3
"h:\SoftDev\xFRA\xFRA\icon\bootstrap\trash3.svg", "XML", 0, 0, 0, 0, 3, 0, 0, 0, 0, 3
"h:\SoftDev\xFRA\xFRA\icon\bootstrap\tree-fill.svg", "XML", 0, 0, 0, 0, 3, 0, 0, 0, 0, 3
"h:\SoftDev\xFRA\xFRA\icon\bootstrap\tree.svg", "XML", 0, 0, 0, 0, 3, 0, 0, 0, 0, 3
"h:\SoftDev\xFRA\xFRA\icon\bootstrap\trello.svg", "XML", 0, 0, 0, 0, 3, 0, 0, 0, 0, 3
"h:\SoftDev\xFRA\xFRA\icon\bootstrap\triangle-fill.svg", "XML", 0, 0, 0, 0, 3, 0, 0, 0, 0, 3
"h:\SoftDev\xFRA\xFRA\icon\bootstrap\triangle-half.svg", "XML", 0, 0, 0, 0, 3, 0, 0, 0, 0, 3
"h:\SoftDev\xFRA\xFRA\icon\bootstrap\triangle.svg", "XML", 0, 0, 0, 0, 3, 0, 0, 0, 0, 3
"h:\SoftDev\xFRA\xFRA\icon\bootstrap\trophy-fill.svg", "XML", 0, 0, 0, 0, 3, 0, 0, 0, 0, 3
"h:\SoftDev\xFRA\xFRA\icon\bootstrap\trophy.svg", "XML", 0, 0, 0, 0, 3, 0, 0, 0, 0, 3
"h:\SoftDev\xFRA\xFRA\icon\bootstrap\tropical-storm.svg", "XML", 0, 0, 0, 0, 4, 0, 0, 0, 0, 4
"h:\SoftDev\xFRA\xFRA\icon\bootstrap\truck-flatbed.svg", "XML", 0, 0, 0, 0, 3, 0, 0, 0, 0, 3
"h:\SoftDev\xFRA\xFRA\icon\bootstrap\truck-front-fill.svg", "XML", 0, 0, 0, 0, 3, 0, 0, 0, 0, 3
"h:\SoftDev\xFRA\xFRA\icon\bootstrap\truck-front.svg", "XML", 0, 0, 0, 0, 4, 0, 0, 0, 0, 4
"h:\SoftDev\xFRA\xFRA\icon\bootstrap\truck.svg", "XML", 0, 0, 0, 0, 3, 0, 0, 0, 0, 3
"h:\SoftDev\xFRA\xFRA\icon\bootstrap\tsunami.svg", "XML", 0, 0, 0, 0, 3, 0, 0, 0, 0, 3
"h:\SoftDev\xFRA\xFRA\icon\bootstrap\tux.svg", "XML", 0, 0, 0, 0, 4, 0, 0, 0, 0, 4
"h:\SoftDev\xFRA\xFRA\icon\bootstrap\tv-fill.svg", "XML", 0, 0, 0, 0, 3, 0, 0, 0, 0, 3
"h:\SoftDev\xFRA\xFRA\icon\bootstrap\tv.svg", "XML", 0, 0, 0, 0, 3, 0, 0, 0, 0, 3
"h:\SoftDev\xFRA\xFRA\icon\bootstrap\twitch.svg", "XML", 0, 0, 0, 0, 4, 0, 0, 0, 0, 4
"h:\SoftDev\xFRA\xFRA\icon\bootstrap\twitter-x.svg", "XML", 0, 0, 0, 0, 3, 0, 0, 0, 0, 3
"h:\SoftDev\xFRA\xFRA\icon\bootstrap\twitter.svg", "XML", 0, 0, 0, 0, 3, 0, 0, 0, 0, 3
"h:\SoftDev\xFRA\xFRA\icon\bootstrap\type-bold.svg", "XML", 0, 0, 0, 0, 3, 0, 0, 0, 0, 3
"h:\SoftDev\xFRA\xFRA\icon\bootstrap\type-h1.svg", "XML", 0, 0, 0, 0, 3, 0, 0, 0, 0, 3
"h:\SoftDev\xFRA\xFRA\icon\bootstrap\type-h2.svg", "XML", 0, 0, 0, 0, 3, 0, 0, 0, 0, 3
"h:\SoftDev\xFRA\xFRA\icon\bootstrap\type-h3.svg", "XML", 0, 0, 0, 0, 3, 0, 0, 0, 0, 3
"h:\SoftDev\xFRA\xFRA\icon\bootstrap\type-h4.svg", "XML", 0, 0, 0, 0, 3, 0, 0, 0, 0, 3
"h:\SoftDev\xFRA\xFRA\icon\bootstrap\type-h5.svg", "XML", 0, 0, 0, 0, 3, 0, 0, 0, 0, 3
"h:\SoftDev\xFRA\xFRA\icon\bootstrap\type-h6.svg", "XML", 0, 0, 0, 0, 3, 0, 0, 0, 0, 3
"h:\SoftDev\xFRA\xFRA\icon\bootstrap\type-italic.svg", "XML", 0, 0, 0, 0, 3, 0, 0, 0, 0, 3
"h:\SoftDev\xFRA\xFRA\icon\bootstrap\type-strikethrough.svg", "XML", 0, 0, 0, 0, 3, 0, 0, 0, 0, 3
"h:\SoftDev\xFRA\xFRA\icon\bootstrap\type-underline.svg", "XML", 0, 0, 0, 0, 3, 0, 0, 0, 0, 3
"h:\SoftDev\xFRA\xFRA\icon\bootstrap\type.svg", "XML", 0, 0, 0, 0, 3, 0, 0, 0, 0, 3
"h:\SoftDev\xFRA\xFRA\icon\bootstrap\typescript.svg", "XML", 0, 0, 0, 0, 3, 0, 0, 0, 0, 3
"h:\SoftDev\xFRA\xFRA\icon\bootstrap\ubuntu.svg", "XML", 0, 0, 0, 0, 3, 0, 0, 0, 0, 3
"h:\SoftDev\xFRA\xFRA\icon\bootstrap\ui-checks-grid.svg", "XML", 0, 0, 0, 0, 3, 0, 0, 0, 0, 3
"h:\SoftDev\xFRA\xFRA\icon\bootstrap\ui-checks.svg", "XML", 0, 0, 0, 0, 3, 0, 0, 0, 0, 3
"h:\SoftDev\xFRA\xFRA\icon\bootstrap\ui-radios-grid.svg", "XML", 0, 0, 0, 0, 3, 0, 0, 0, 0, 3
"h:\SoftDev\xFRA\xFRA\icon\bootstrap\ui-radios.svg", "XML", 0, 0, 0, 0, 3, 0, 0, 0, 0, 3
"h:\SoftDev\xFRA\xFRA\icon\bootstrap\umbrella-fill.svg", "XML", 0, 0, 0, 0, 3, 0, 0, 0, 0, 3
"h:\SoftDev\xFRA\xFRA\icon\bootstrap\umbrella.svg", "XML", 0, 0, 0, 0, 3, 0, 0, 0, 0, 3
"h:\SoftDev\xFRA\xFRA\icon\bootstrap\unindent.svg", "XML", 0, 0, 0, 0, 4, 0, 0, 0, 0, 4
"h:\SoftDev\xFRA\xFRA\icon\bootstrap\union.svg", "XML", 0, 0, 0, 0, 3, 0, 0, 0, 0, 3
"h:\SoftDev\xFRA\xFRA\icon\bootstrap\unity.svg", "XML", 0, 0, 0, 0, 3, 0, 0, 0, 0, 3
"h:\SoftDev\xFRA\xFRA\icon\bootstrap\universal-access-circle.svg", "XML", 0, 0, 0, 0, 4, 0, 0, 0, 0, 4
"h:\SoftDev\xFRA\xFRA\icon\bootstrap\universal-access.svg", "XML", 0, 0, 0, 0, 3, 0, 0, 0, 0, 3
"h:\SoftDev\xFRA\xFRA\icon\bootstrap\unlock-fill.svg", "XML", 0, 0, 0, 0, 3, 0, 0, 0, 0, 3
"h:\SoftDev\xFRA\xFRA\icon\bootstrap\unlock.svg", "XML", 0, 0, 0, 0, 3, 0, 0, 0, 0, 3
"h:\SoftDev\xFRA\xFRA\icon\bootstrap\unlock2-fill.svg", "XML", 0, 0, 0, 0, 3, 0, 0, 0, 0, 3
"h:\SoftDev\xFRA\xFRA\icon\bootstrap\unlock2.svg", "XML", 0, 0, 0, 0, 3, 0, 0, 0, 0, 3
"h:\SoftDev\xFRA\xFRA\icon\bootstrap\upc-scan.svg", "XML", 0, 0, 0, 0, 3, 0, 0, 0, 0, 3
"h:\SoftDev\xFRA\xFRA\icon\bootstrap\upc.svg", "XML", 0, 0, 0, 0, 3, 0, 0, 0, 0, 3
"h:\SoftDev\xFRA\xFRA\icon\bootstrap\upload.svg", "XML", 0, 0, 0, 0, 4, 0, 0, 0, 0, 4
"h:\SoftDev\xFRA\xFRA\icon\bootstrap\usb-c-fill.svg", "XML", 0, 0, 0, 0, 3, 0, 0, 0, 0, 3
"h:\SoftDev\xFRA\xFRA\icon\bootstrap\usb-c.svg", "XML", 0, 0, 0, 0, 4, 0, 0, 0, 0, 4
"h:\SoftDev\xFRA\xFRA\icon\bootstrap\usb-drive-fill.svg", "XML", 0, 0, 0, 0, 3, 0, 0, 0, 0, 3
"h:\SoftDev\xFRA\xFRA\icon\bootstrap\usb-drive.svg", "XML", 0, 0, 0, 0, 3, 0, 0, 0, 0, 3
"h:\SoftDev\xFRA\xFRA\icon\bootstrap\usb-fill.svg", "XML", 0, 0, 0, 0, 3, 0, 0, 0, 0, 3
"h:\SoftDev\xFRA\xFRA\icon\bootstrap\usb-micro-fill.svg", "XML", 0, 0, 0, 0, 3, 0, 0, 0, 0, 3
"h:\SoftDev\xFRA\xFRA\icon\bootstrap\usb-micro.svg", "XML", 0, 0, 0, 0, 4, 0, 0, 0, 0, 4
"h:\SoftDev\xFRA\xFRA\icon\bootstrap\usb-mini-fill.svg", "XML", 0, 0, 0, 0, 3, 0, 0, 0, 0, 3
"h:\SoftDev\xFRA\xFRA\icon\bootstrap\usb-mini.svg", "XML", 0, 0, 0, 0, 4, 0, 0, 0, 0, 4
"h:\SoftDev\xFRA\xFRA\icon\bootstrap\usb-plug-fill.svg", "XML", 0, 0, 0, 0, 3, 0, 0, 0, 0, 3
"h:\SoftDev\xFRA\xFRA\icon\bootstrap\usb-plug.svg", "XML", 0, 0, 0, 0, 3, 0, 0, 0, 0, 3
"h:\SoftDev\xFRA\xFRA\icon\bootstrap\usb-symbol.svg", "XML", 0, 0, 0, 0, 3, 0, 0, 0, 0, 3
"h:\SoftDev\xFRA\xFRA\icon\bootstrap\usb.svg", "XML", 0, 0, 0, 0, 4, 0, 0, 0, 0, 4
"h:\SoftDev\xFRA\xFRA\icon\bootstrap\valentine.svg", "XML", 0, 0, 0, 0, 4, 0, 0, 0, 0, 4
"h:\SoftDev\xFRA\xFRA\icon\bootstrap\valentine2.svg", "XML", 0, 0, 0, 0, 4, 0, 0, 0, 0, 4
"h:\SoftDev\xFRA\xFRA\icon\bootstrap\vector-pen.svg", "XML", 0, 0, 0, 0, 4, 0, 0, 0, 0, 4
"h:\SoftDev\xFRA\xFRA\icon\bootstrap\view-list.svg", "XML", 0, 0, 0, 0, 3, 0, 0, 0, 0, 3
"h:\SoftDev\xFRA\xFRA\icon\bootstrap\view-stacked.svg", "XML", 0, 0, 0, 0, 3, 0, 0, 0, 0, 3
"h:\SoftDev\xFRA\xFRA\icon\bootstrap\vignette.svg", "XML", 0, 0, 0, 0, 4, 0, 0, 0, 0, 4
"h:\SoftDev\xFRA\xFRA\icon\bootstrap\vimeo.svg", "XML", 0, 0, 0, 0, 3, 0, 0, 0, 0, 3
"h:\SoftDev\xFRA\xFRA\icon\bootstrap\vinyl-fill.svg", "XML", 0, 0, 0, 0, 4, 0, 0, 0, 0, 4
"h:\SoftDev\xFRA\xFRA\icon\bootstrap\vinyl.svg", "XML", 0, 0, 0, 0, 5, 0, 0, 0, 0, 5
"h:\SoftDev\xFRA\xFRA\icon\bootstrap\virus.svg", "XML", 0, 0, 0, 0, 3, 0, 0, 0, 0, 3
"h:\SoftDev\xFRA\xFRA\icon\bootstrap\virus2.svg", "XML", 0, 0, 0, 0, 3, 0, 0, 0, 0, 3
"h:\SoftDev\xFRA\xFRA\icon\bootstrap\voicemail.svg", "XML", 0, 0, 0, 0, 3, 0, 0, 0, 0, 3
"h:\SoftDev\xFRA\xFRA\icon\bootstrap\volume-down-fill.svg", "XML", 0, 0, 0, 0, 3, 0, 0, 0, 0, 3
"h:\SoftDev\xFRA\xFRA\icon\bootstrap\volume-down.svg", "XML", 0, 0, 0, 0, 3, 0, 0, 0, 0, 3
"h:\SoftDev\xFRA\xFRA\icon\bootstrap\volume-mute-fill.svg", "XML", 0, 0, 0, 0, 3, 0, 0, 0, 0, 3
"h:\SoftDev\xFRA\xFRA\icon\bootstrap\volume-mute.svg", "XML", 0, 0, 0, 0, 3, 0, 0, 0, 0, 3
"h:\SoftDev\xFRA\xFRA\icon\bootstrap\volume-off-fill.svg", "XML", 0, 0, 0, 0, 3, 0, 0, 0, 0, 3
"h:\SoftDev\xFRA\xFRA\icon\bootstrap\volume-off.svg", "XML", 0, 0, 0, 0, 3, 0, 0, 0, 0, 3
"h:\SoftDev\xFRA\xFRA\icon\bootstrap\volume-up-fill.svg", "XML", 0, 0, 0, 0, 5, 0, 0, 0, 0, 5
"h:\SoftDev\xFRA\xFRA\icon\bootstrap\volume-up.svg", "XML", 0, 0, 0, 0, 5, 0, 0, 0, 0, 5
"h:\SoftDev\xFRA\xFRA\icon\bootstrap\vr.svg", "XML", 0, 0, 0, 0, 3, 0, 0, 0, 0, 3
"h:\SoftDev\xFRA\xFRA\icon\bootstrap\wallet-fill.svg", "XML", 0, 0, 0, 0, 4, 0, 0, 0, 0, 4
"h:\SoftDev\xFRA\xFRA\icon\bootstrap\wallet.svg", "XML", 0, 0, 0, 0, 3, 0, 0, 0, 0, 3
"h:\SoftDev\xFRA\xFRA\icon\bootstrap\wallet2.svg", "XML", 0, 0, 0, 0, 3, 0, 0, 0, 0, 3
"h:\SoftDev\xFRA\xFRA\icon\bootstrap\watch.svg", "XML", 0, 0, 0, 0, 4, 0, 0, 0, 0, 4
"h:\SoftDev\xFRA\xFRA\icon\bootstrap\water.svg", "XML", 0, 0, 0, 0, 3, 0, 0, 0, 0, 3
"h:\SoftDev\xFRA\xFRA\icon\bootstrap\webcam-fill.svg", "XML", 0, 0, 0, 0, 4, 0, 0, 0, 0, 4
"h:\SoftDev\xFRA\xFRA\icon\bootstrap\webcam.svg", "XML", 0, 0, 0, 0, 4, 0, 0, 0, 0, 4
"h:\SoftDev\xFRA\xFRA\icon\bootstrap\wechat.svg", "XML", 0, 0, 0, 0, 4, 0, 0, 0, 0, 4
"h:\SoftDev\xFRA\xFRA\icon\bootstrap\whatsapp.svg", "XML", 0, 0, 0, 0, 3, 0, 0, 0, 0, 3
"h:\SoftDev\xFRA\xFRA\icon\bootstrap\wifi-1.svg", "XML", 0, 0, 0, 0, 3, 0, 0, 0, 0, 3
"h:\SoftDev\xFRA\xFRA\icon\bootstrap\wifi-2.svg", "XML", 0, 0, 0, 0, 3, 0, 0, 0, 0, 3
"h:\SoftDev\xFRA\xFRA\icon\bootstrap\wifi-off.svg", "XML", 0, 0, 0, 0, 3, 0, 0, 0, 0, 3
"h:\SoftDev\xFRA\xFRA\icon\bootstrap\wifi.svg", "XML", 0, 0, 0, 0, 4, 0, 0, 0, 0, 4
"h:\SoftDev\xFRA\xFRA\icon\bootstrap\wikipedia.svg", "XML", 0, 0, 0, 0, 3, 0, 0, 0, 0, 3
"h:\SoftDev\xFRA\xFRA\icon\bootstrap\wind.svg", "XML", 0, 0, 0, 0, 3, 0, 0, 0, 0, 3
"h:\SoftDev\xFRA\xFRA\icon\bootstrap\window-dash.svg", "XML", 0, 0, 0, 0, 5, 0, 0, 0, 0, 5
"h:\SoftDev\xFRA\xFRA\icon\bootstrap\window-desktop.svg", "XML", 0, 0, 0, 0, 4, 0, 0, 0, 0, 4
"h:\SoftDev\xFRA\xFRA\icon\bootstrap\window-dock.svg", "XML", 0, 0, 0, 0, 4, 0, 0, 0, 0, 4
"h:\SoftDev\xFRA\xFRA\icon\bootstrap\window-fullscreen.svg", "XML", 0, 0, 0, 0, 4, 0, 0, 0, 0, 4
"h:\SoftDev\xFRA\xFRA\icon\bootstrap\window-plus.svg", "XML", 0, 0, 0, 0, 5, 0, 0, 0, 0, 5
"h:\SoftDev\xFRA\xFRA\icon\bootstrap\window-sidebar.svg", "XML", 0, 0, 0, 0, 4, 0, 0, 0, 0, 4
"h:\SoftDev\xFRA\xFRA\icon\bootstrap\window-split.svg", "XML", 0, 0, 0, 0, 4, 0, 0, 0, 0, 4
"h:\SoftDev\xFRA\xFRA\icon\bootstrap\window-stack.svg", "XML", 0, 0, 0, 0, 4, 0, 0, 0, 0, 4
"h:\SoftDev\xFRA\xFRA\icon\bootstrap\window-x.svg", "XML", 0, 0, 0, 0, 5, 0, 0, 0, 0, 5
"h:\SoftDev\xFRA\xFRA\icon\bootstrap\window.svg", "XML", 0, 0, 0, 0, 4, 0, 0, 0, 0, 4
"h:\SoftDev\xFRA\xFRA\icon\bootstrap\windows.svg", "XML", 0, 0, 0, 0, 3, 0, 0, 0, 0, 3
"h:\SoftDev\xFRA\xFRA\icon\bootstrap\wordpress.svg", "XML", 0, 0, 0, 0, 5, 0, 0, 0, 0, 5
"h:\SoftDev\xFRA\xFRA\icon\bootstrap\wrench-adjustable-circle-fill.svg", "XML", 0, 0, 0, 0, 4, 0, 0, 0, 0, 4
"h:\SoftDev\xFRA\xFRA\icon\bootstrap\wrench-adjustable-circle.svg", "XML", 0, 0, 0, 0, 4, 0, 0, 0, 0, 4
"h:\SoftDev\xFRA\xFRA\icon\bootstrap\wrench-adjustable.svg", "XML", 0, 0, 0, 0, 4, 0, 0, 0, 0, 4
"h:\SoftDev\xFRA\xFRA\icon\bootstrap\wrench.svg", "XML", 0, 0, 0, 0, 3, 0, 0, 0, 0, 3
"h:\SoftDev\xFRA\xFRA\icon\bootstrap\x-circle-fill.svg", "XML", 0, 0, 0, 0, 3, 0, 0, 0, 0, 3
"h:\SoftDev\xFRA\xFRA\icon\bootstrap\x-circle.svg", "XML", 0, 0, 0, 0, 4, 0, 0, 0, 0, 4
"h:\SoftDev\xFRA\xFRA\icon\bootstrap\x-diamond-fill.svg", "XML", 0, 0, 0, 0, 3, 0, 0, 0, 0, 3
"h:\SoftDev\xFRA\xFRA\icon\bootstrap\x-diamond.svg", "XML", 0, 0, 0, 0, 3, 0, 0, 0, 0, 3
"h:\SoftDev\xFRA\xFRA\icon\bootstrap\x-lg.svg", "XML", 0, 0, 0, 0, 3, 0, 0, 0, 0, 3
"h:\SoftDev\xFRA\xFRA\icon\bootstrap\x-octagon-fill.svg", "XML", 0, 0, 0, 0, 3, 0, 0, 0, 0, 3
"h:\SoftDev\xFRA\xFRA\icon\bootstrap\x-octagon.svg", "XML", 0, 0, 0, 0, 4, 0, 0, 0, 0, 4
"h:\SoftDev\xFRA\xFRA\icon\bootstrap\x-square-fill.svg", "XML", 0, 0, 0, 0, 3, 0, 0, 0, 0, 3
"h:\SoftDev\xFRA\xFRA\icon\bootstrap\x-square.svg", "XML", 0, 0, 0, 0, 4, 0, 0, 0, 0, 4
"h:\SoftDev\xFRA\xFRA\icon\bootstrap\x.svg", "XML", 0, 0, 0, 0, 3, 0, 0, 0, 0, 3
"h:\SoftDev\xFRA\xFRA\icon\bootstrap\xbox.svg", "XML", 0, 0, 0, 0, 3, 0, 0, 0, 0, 3
"h:\SoftDev\xFRA\xFRA\icon\bootstrap\yelp.svg", "XML", 0, 0, 0, 0, 3, 0, 0, 0, 0, 3
"h:\SoftDev\xFRA\xFRA\icon\bootstrap\yin-yang.svg", "XML", 0, 0, 0, 0, 4, 0, 0, 0, 0, 4
"h:\SoftDev\xFRA\xFRA\icon\bootstrap\youtube.svg", "XML", 0, 0, 0, 0, 3, 0, 0, 0, 0, 3
"h:\SoftDev\xFRA\xFRA\icon\bootstrap\zoom-in.svg", "XML", 0, 0, 0, 0, 5, 0, 0, 0, 0, 5
"h:\SoftDev\xFRA\xFRA\icon\bootstrap\zoom-out.svg", "XML", 0, 0, 0, 0, 5, 0, 0, 0, 0, 5
"h:\SoftDev\xFRA\xFRA\icon\transmission.svg", "XML", 0, 0, 0, 0, 44, 0, 0, 1, 3, 48
"h:\SoftDev\xFRA\xFRA\main.py", "Python", 123, 0, 0, 0, 0, 0, 0, 13, 18, 154
"h:\SoftDev\xFRA\xFRA\plot_widget.py", "Python", 67, 0, 0, 0, 0, 0, 0, 8, 16, 91
"h:\SoftDev\xFRA\xFRA\requirements.txt", "pip requirements", 0, 4, 0, 0, 0, 0, 0, 0, 0, 4
"h:\SoftDev\xFRA\xFRA\trace_config.py", "Python", 161, 0, 0, 0, 0, 0, 0, 30, 28, 219
"h:\SoftDev\xFRA\xFRA\trace_widget.py", "Python", 35, 0, 0, 0, 0, 0, 0, 3, 7, 45
"h:\SoftDev\xFRA\xFRA\xConv\__init__.py", "Python", 0, 0, 0, 0, 0, 0, 0, 0, 1, 1
"h:\SoftDev\xFRA\xFRA\xConv\xConv.py", "Python", 190, 0, 0, 0, 0, 0, 0, 39, 34, 263
"h:\SoftDev\xFRA\xFRA\xConv\xConvFormulaDef.json", "JSON", 0, 0, 8, 0, 0, 0, 0, 0, 0, 8
"Total", "-", 2165, 4, 2088, 47, 7258, 2099, 2108, 698, 482, 16949